print("ZAVERY")
local keyFrames = {


{
    Time = 0.066,
    Motors = {
        ["Left Leg"] = {C0 = CFrame.new(0.0477776527, -1.08223152, -0.870568573, -0.285470545, 0.06196215, -0.956382394, 0.115798123, 0.992826879, 0.029758729, 0.951366007, -0.102252044, -0.290597916), DesiredAngle = nil},
        ["Right Arm"] = {C0 = CFrame.new(1.66268349, 0.0970332026, 0.248440504, 0.065800935, -0.968861878, -0.238698378, -0.836376786, -0.184015036, 0.516345203, -0.544191301, 0.165665746, -0.822441936), DesiredAngle = nil},
        ["Head"] = {C0 = CFrame.new(-0.00870287511, 1.01882803, 7.11164466e-05, -0.698166072, -0.68706131, 0.201273143, 0.0421529412, 0.241196424, 0.969560385, -0.714693785, 0.685398459, -0.139433503), DesiredAngle = nil},
        ["Torso"] = {C0 = CFrame.new(0.0870992616, -0.00850489084, 0.0795122236, -0.182072341, 0.977575421, 0.105810314, -0.0763394982, -0.121337689, 0.98967135, 0.980317235, 0.172114283, 0.0967198685), DesiredAngle = nil},
        ["Right Leg"] = {C0 = CFrame.new(-0.187532187, -1.16296065, 0.553402781, 0.641213655, 0.398093641, 0.656023145, -0.517725587, 0.855446696, -0.0130714774, -0.566396594, -0.331258386, 0.754627466), DesiredAngle = nil},
        ["Left Arm"] = {C0 = CFrame.new(-1.67755497, 1.0408392, -0.140752733, 0.901142836, -0.4021312, 0.161963731, 0.0352248549, -0.304445744, -0.95187819, 0.43208909, 0.86348325, -0.260184079), DesiredAngle = nil},
    }
},

{
    Time = 0.050,
    Motors = {
        ["Left Leg"] = {C0 = CFrame.new(0.0485255718, -1.08398736, -0.872584522, -0.285341799, 0.0623075217, -0.956398368, 0.120420955, 0.992307425, 0.0287192855, 0.950830579, -0.106975593, -0.290649891), DesiredAngle = nil},
        ["Right Arm"] = {C0 = CFrame.new(1.66219759, 0.0982479155, 0.248663187, 0.0647083521, -0.969191074, -0.237658024, -0.83804065, -0.182072818, 0.514331937, -0.541756988, 0.165885508, -0.82400322), DesiredAngle = nil},
        ["Head"] = {C0 = CFrame.new(-0.00871620979, 1.01997042, 0.000306689792, -0.698159754, -0.687080026, 0.20123142, 0.0404229835, 0.242793992, 0.969235301, -0.7148, 0.684815466, -0.141735181), DesiredAngle = nil},
        ["Torso"] = {C0 = CFrame.new(0.0890237838, -0.00871214643, 0.0794974193, -0.182035819, 0.977327883, 0.108134612, -0.075891912, -0.123608567, 0.989424706, 0.980358779, 0.171904206, 0.0966724679), DesiredAngle = nil},
        ["Right Leg"] = {C0 = CFrame.new(-0.186100125, -1.16299832, 0.55200839, 0.640901566, 0.398390293, 0.656148016, -0.520042777, 0.85407424, -0.0106053054, -0.56462425, -0.334428132, 0.75455761), DesiredAngle = nil},
        ["Left Arm"] = {C0 = CFrame.new(-1.67695463, 1.04162574, -0.14292644, 0.901602149, -0.400967926, 0.16229111, 0.03637591, -0.303572774, -0.952113628, 0.431034207, 0.864331126, -0.259116292), DesiredAngle = nil},
    }
},

{
    Time = 0.067,
    Motors = {
        ["Left Leg"] = {C0 = CFrame.new(0.049875021, -1.08719826, -0.8762995, -0.285015225, 0.0629573837, -0.956453145, 0.12913537, 0.991265655, 0.0267675668, 0.949784338, -0.115882754, -0.290655851), DesiredAngle = nil},
        ["Right Arm"] = {C0 = CFrame.new(1.66128659, 0.100505143, 0.249052912, 0.0625711083, -0.969834864, -0.23559536, -0.841199398, -0.178281546, 0.510489285, -0.537092686, 0.166240841, -0.826979756), DesiredAngle = nil},
        ["Head"] = {C0 = CFrame.new(-0.00874954555, 1.02209163, 0.000744500314, -0.698162794, -0.687065423, 0.201271087, 0.0372795463, 0.245859638, 0.968588352, -0.714967906, 0.683735549, -0.14603655), DesiredAngle = nil},
        ["Torso"] = {C0 = CFrame.new(0.0925619379, -0.00910075195, 0.0794733614, -0.182070002, 0.976834238, 0.112451911, -0.0750945657, -0.127843082, 0.988947392, 0.980413854, 0.171613127, 0.0966313332), DesiredAngle = nil},
        ["Right Leg"] = {C0 = CFrame.new(-0.183518529, -1.16303599, 0.549549282, 0.640417457, 0.398840725, 0.656347215, -0.524135172, 0.851613402, -0.00608338416, -0.561380386, -0.340118706, 0.754434466), DesiredAngle = nil},
        ["Left Arm"] = {C0 = CFrame.new(-1.6758678, 1.0430491, -0.146968499, 0.902467132, -0.398797244, 0.162830174, 0.0384238064, -0.301973641, -0.952541471, 0.429041266, 0.865894079, -0.257197976), DesiredAngle = nil},
    }
},

{
    Time = 0.067,
    Motors = {
        ["Left Leg"] = {C0 = CFrame.new(0.0512243509, -1.09078312, -0.880063117, -0.284676582, 0.0636016577, -0.956511378, 0.138381183, 0.99007225, 0.0246482696, 0.948583066, -0.125346392, -0.290651649), DesiredAngle = nil},
        ["Right Arm"] = {C0 = CFrame.new(1.66029453, 0.102964848, 0.249472976, 0.0602394342, -0.970537722, -0.23329784, -0.844589829, -0.174128294, 0.506307781, -0.532014608, 0.166541368, -0.830195606), DesiredAngle = nil},
        ["Head"] = {C0 = CFrame.new(-0.00878288131, 1.02441514, 0.0012223142, -0.698201656, -0.686993062, 0.201382488, 0.0339836106, 0.249177128, 0.967861533, -0.71509403, 0.68260622, -0.150629371), DesiredAngle = nil},
        ["Torso"] = {C0 = CFrame.new(0.0964109749, -0.00954857282, 0.0794456005, -0.182085097, 0.976277351, 0.117164284, -0.0742327273, -0.132464737, 0.988403976, 0.980476618, 0.171276212, 0.0965915918), DesiredAngle = nil},
        ["Right Leg"] = {C0 = CFrame.new(-0.180823803, -1.16303599, 0.546920598, 0.639909387, 0.399327576, 0.656546712, -0.528529823, 0.848914027, -0.0011934787, -0.557828248, -0.346240759, 0.754284501), DesiredAngle = nil},
        ["Left Arm"] = {C0 = CFrame.new(-1.67465663, 1.04462767, -0.151393548, 0.903424382, -0.39636749, 0.163453728, 0.0407047272, -0.300221026, -0.953000724, 0.426810741, 0.867617488, -0.255092949), DesiredAngle = nil},
    }
},

{
    Time = 0.067,
    Motors = {
        ["Left Leg"] = {C0 = CFrame.new(0.0527851582, -1.09536779, -0.884420156, -0.284281939, 0.0643520802, -0.956578612, 0.14976801, 0.988476634, 0.0219889861, 0.946970642, -0.137013808, -0.29064396), DesiredAngle = nil},
        ["Right Arm"] = {C0 = CFrame.new(1.6590395, 0.106062293, 0.249999329, 0.0572988093, -0.971366465, -0.23057349, -0.848789334, -0.168990225, 0.50099808, -0.52561754, 0.167001814, -0.834168434), DesiredAngle = nil},
        ["Head"] = {C0 = CFrame.new(-0.00882732868, 1.02732646, 0.00182235963, -0.698157012, -0.687018633, 0.20145005, 0.0297215283, 0.253321886, 0.966925383, -0.715327501, 0.681053102, -0.1564392), DesiredAngle = nil},
        ["Torso"] = {C0 = CFrame.new(0.101200067, -0.0101259286, 0.079408586, -0.182059348, 0.975569189, 0.122959092, -0.0731709898, -0.138143793, 0.987705469, 0.980561197, 0.170823991, 0.096533753), DesiredAngle = nil},
        ["Right Leg"] = {C0 = CFrame.new(-0.177620292, -1.16296065, 0.543754816, 0.639272571, 0.399783254, 0.656889677, -0.533932269, 0.845512331, 0.00503370166, -0.553395867, -0.353952467, 0.753970027), DesiredAngle = nil},
        ["Left Arm"] = {C0 = CFrame.new(-1.67316616, 1.04659426, -0.156941667, 0.90463388, -0.39332217, 0.164119184, 0.0434831083, -0.29789573, -0.9536075, 0.423965394, 0.869802117, -0.252383679), DesiredAngle = nil},
    }
},

{
    Time = 0.066,
    Motors = {
        ["Left Leg"] = {C0 = CFrame.new(0.0544433594, -1.10066783, -0.889134884, -0.283856779, 0.0651294142, -0.956652224, 0.162468135, 0.986531675, 0.0189562477, 0.945002317, -0.15004465, -0.290615171), DesiredAngle = nil},
        ["Right Arm"] = {C0 = CFrame.new(1.65762234, 0.109584808, 0.250606686, 0.0539477468, -0.972324431, -0.227321312, -0.853516579, -0.163058281, 0.494895518, -0.518265605, 0.167324036, -0.838691592), DesiredAngle = nil},
        ["Head"] = {C0 = CFrame.new(-0.00887622219, 1.03065121, 0.00250685588, -0.698205471, -0.686934531, 0.201568842, 0.0249298736, 0.258060157, 0.965807199, -0.715463221, 0.679356933, -0.163053811), DesiredAngle = nil},
        ["Torso"] = {C0 = CFrame.new(0.106625728, -0.0108143138, 0.0793641806, -0.182101429, 0.97470969, 0.129537925, -0.0719731972, -0.144600362, 0.986869097, 0.98064214, 0.170387015, 0.0964848921), DesiredAngle = nil},
        ["Right Leg"] = {C0 = CFrame.new(-0.174153209, -1.16280985, 0.540325284, 0.638636291, 0.400206923, 0.657250404, -0.539833367, 0.841685891, 0.012032941, -0.548382759, -0.362490356, 0.753576219), DesiredAngle = nil},
        ["Left Arm"] = {C0 = CFrame.new(-1.67144787, 1.04885077, -0.163276479, 0.905963063, -0.389868081, 0.165026367, 0.0467384756, -0.295315385, -0.954255879, 0.420768797, 0.872233748, -0.249322981), DesiredAngle = nil},
    }
},

{
    Time = 0.067,
    Motors = {
        ["Left Leg"] = {C0 = CFrame.new(0.0561341047, -1.10665071, -0.89391464, -0.283325374, 0.0659014434, -0.95675689, 0.176304251, 0.984212339, 0.0155834258, 0.942678928, -0.164265126, -0.290471017), DesiredAngle = nil},
        ["Right Arm"] = {C0 = CFrame.new(1.65604329, 0.113532484, 0.251274735, 0.0501196682, -0.973338485, -0.223830611, -0.858721614, -0.156434685, 0.487981051, -0.509985685, 0.167750746, -0.843667269), DesiredAngle = nil},
        ["Head"] = {C0 = CFrame.new(-0.00892955903, 1.03435373, 0.00327135739, -0.698212802, -0.686891675, 0.201689571, 0.019651778, 0.263236225, 0.964531243, -0.715620518, 0.677411616, -0.170296237), DesiredAngle = nil},
        ["Torso"] = {C0 = CFrame.new(0.112621345, -0.0116211306, 0.0793197677, -0.182201788, 0.973692, 0.136844337, -0.0705839619, -0.15176706, 0.985892773, 0.980724394, 0.16997242, 0.0963792801), DesiredAngle = nil},
        ["Right Leg"] = {C0 = CFrame.new(-0.170572877, -1.16250837, 0.536744952, 0.638050258, 0.400495827, 0.657643437, -0.546120763, 0.837471366, 0.0198415965, -0.542811096, -0.371812701, 0.753067911), DesiredAngle = nil},
        ["Left Arm"] = {C0 = CFrame.new(-1.66954327, 1.05135572, -0.170335859, 0.907419682, -0.386005074, 0.166101754, 0.050360471, -0.29252854, -0.954929829, 0.417197466, 0.87488699, -0.246006846), DesiredAngle = nil},
    }
},

{
    Time = 0.067,
    Motors = {
        ["Left Leg"] = {C0 = CFrame.new(0.0577600002, -1.11328387, -0.898629367, -0.282779008, 0.0666491836, -0.956866741, 0.191100165, 0.981498539, 0.011889834, 0.939955771, -0.179495201, -0.290283829), DesiredAngle = nil},
        ["Right Arm"] = {C0 = CFrame.new(1.6543225, 0.117824346, 0.252003551, 0.0459270775, -0.974416852, -0.220005795, -0.864257276, -0.149203748, 0.480414033, -0.500949264, 0.168077648, -0.848999381), DesiredAngle = nil},
        ["Head"] = {C0 = CFrame.new(-0.00898734108, 1.03839839, 0.00410697469, -0.698232591, -0.686814427, 0.201884151, 0.0139774904, 0.2688784, 0.963072717, -0.715734482, 0.675270557, -0.178139716), DesiredAngle = nil},
        ["Torso"] = {C0 = CFrame.new(0.119098082, -0.0125389779, 0.0792605504, -0.18225272, 0.972548306, 0.144684523, -0.0692101344, -0.159472972, 0.984773219, 0.980812848, 0.169463962, 0.0963745788), DesiredAngle = nil},
        ["Right Leg"] = {C0 = CFrame.new(-0.166917205, -1.16209388, 0.53297621, 0.637464285, 0.400801808, 0.658025265, -0.552845061, 0.832802951, 0.0283119977, -0.53665787, -0.381833911, 0.75246346), DesiredAngle = nil},
        ["Left Arm"] = {C0 = CFrame.new(-1.66745234, 1.0541091, -0.178036988, 0.908968329, -0.381843388, 0.167249203, 0.0542896092, -0.289357543, -0.955680311, 0.413315058, 0.877763033, -0.242286712), DesiredAngle = nil},
    }
},

{
    Time = 0.066,
    Motors = {
        ["Left Leg"] = {C0 = CFrame.new(0.0593206882, -1.12046969, -0.903376639, -0.282220036, 0.0674204379, -0.956977725, 0.206606925, 0.978391349, 0.00799910352, 0.936838031, -0.195460707, -0.290051192), DesiredAngle = nil},
        ["Right Arm"] = {C0 = CFrame.new(1.65245998, 0.122460306, 0.252793074, 0.0413617492, -0.975518823, -0.215990841, -0.870067835, -0.141441822, 0.472203344, -0.491193295, 0.168395489, -0.854617953), DesiredAngle = nil},
        ["Head"] = {C0 = CFrame.new(-0.00905401353, 1.04274547, 0.00500481948, -0.698273361, -0.686735988, 0.202009648, 0.00789611787, 0.274796396, 0.961470008, -0.71578753, 0.672964036, -0.18646048), DesiredAngle = nil},
        ["Torso"] = {C0 = CFrame.new(0.125996739, -0.0135752559, 0.0792013332, -0.182348207, 0.971236765, 0.153128386, -0.0676563233, -0.167764664, 0.983502686, 0.980903566, 0.168979853, 0.0963018909), DesiredAngle = nil},
        ["Right Leg"] = {C0 = CFrame.new(-0.163449883, -1.16145313, 0.529245138, 0.636976719, 0.40080291, 0.658496618, -0.559592903, 0.827924371, 0.0373778194, -0.530204237, -0.392298847, 0.751654983), DesiredAngle = nil},
        ["Left Arm"] = {C0 = CFrame.new(-1.66521668, 1.0570488, -0.186338469, 0.91067487, -0.37724027, 0.168407142, 0.0584555268, -0.285876989, -0.956481695, 0.408967078, 0.880888224, -0.238289177), DesiredAngle = nil},
    }
},

{
    Time = 0.051,
    Motors = {
        ["Left Leg"] = {C0 = CFrame.new(0.0604262352, -1.12622499, -0.906725705, -0.281846285, 0.0679330081, -0.957051635, 0.21859093, 0.975804329, 0.00489033759, 0.934227347, -0.207824484, -0.289876342), DesiredAngle = nil},
        ["Right Arm"] = {C0 = CFrame.new(1.65098214, 0.126124561, 0.253400385, 0.0376447737, -0.976377368, -0.212767541, -0.874608457, -0.135182887, 0.465602487, -0.483366281, 0.168560803, -0.859036803), DesiredAngle = nil},
        ["Head"] = {C0 = CFrame.new(-0.00910290517, 1.04619014, 0.00571598392, -0.698359132, -0.686612964, 0.202131808, 0.00310991704, 0.279493034, 0.960142732, -0.7157408, 0.671153009, -0.193051204), DesiredAngle = nil},
        ["Torso"] = {C0 = CFrame.new(0.131400183, -0.0144338869, 0.0791569203, -0.182381168, 0.970174253, 0.15968433, -0.0664583221, -0.174200684, 0.982465029, 0.980979383, 0.168570742, 0.096247077), DesiredAngle = nil},
        ["Right Leg"] = {C0 = CFrame.new(-0.160962462, -1.16081238, 0.526493967, 0.636686265, 0.400764108, 0.65880084, -0.564715624, 0.824087739, 0.0444472581, -0.525096834, -0.40033415, 0.751003206), DesiredAngle = nil},
        ["Left Arm"] = {C0 = CFrame.new(-1.66343617, 1.05938804, -0.192901, 0.911933184, -0.373747289, 0.169383705, 0.0617390871, -0.28311789, -0.957095921, 0.405667543, 0.883265138, -0.235109776), DesiredAngle = nil},
    }
},

{
    Time = 0.066,
    Motors = {
        ["Left Leg"] = {C0 = CFrame.new(0.0617269278, -1.13435376, -0.911017716, -0.281223267, 0.0684868693, -0.957195401, 0.234894991, 0.972020626, 0.000535663217, 0.93045032, -0.224689782, -0.289442033), DesiredAngle = nil},
        ["Right Arm"] = {C0 = CFrame.new(1.64895773, 0.131226182, 0.254270881, 0.0325614512, -0.977508426, -0.208367661, -0.880776286, -0.126603872, 0.456294537, -0.472411931, 0.168667704, -0.865088582), DesiredAngle = nil},
        ["Head"] = {C0 = CFrame.new(-0.00917402096, 1.05098605, 0.00670716725, -0.698400378, -0.686501265, 0.202368259, -0.00340311974, 0.285934955, 0.958243012, -0.715699196, 0.668548584, -0.202033341), DesiredAngle = nil},
        ["Torso"] = {C0 = CFrame.new(0.138846576, -0.0156774204, 0.0790903047, -0.182475477, 0.96861583, 0.168778524, -0.0647828132, -0.183132261, 0.980951488, 0.981073916, 0.168065637, 0.0961667895), DesiredAngle = nil},
        ["Right Leg"] = {C0 = CFrame.new(-0.157834411, -1.15971947, 0.522913694, 0.636334062, 0.400391102, 0.6593678, -0.57149899, 0.818802297, 0.0543294549, -0.518138826, -0.411399782, 0.749854922), DesiredAngle = nil},
        ["Left Arm"] = {C0 = CFrame.new(-1.6609726, 1.06263828, -0.202030569, 0.913720369, -0.368712366, 0.170781016, 0.0663326681, -0.279304624, -0.957908571, 0.400892556, 0.88658905, -0.230748564), DesiredAngle = nil},
    }
},

{
    Time = 0.067,
    Motors = {
        ["Left Leg"] = {C0 = CFrame.new(0.0628974438, -1.14284039, -0.915082157, -0.280689836, 0.0690250695, -0.957313299, 0.251552254, 0.967835546, -0.00397286192, 0.926247597, -0.241929457, -0.289025009), DesiredAngle = nil},
        ["Right Arm"] = {C0 = CFrame.new(1.64681172, 0.136550456, 0.255141437, 0.0270996988, -0.978620172, -0.203882813, -0.887018919, -0.117587566, 0.446509272, -0.460936993, 0.168747574, -0.871241212), DesiredAngle = nil},
        ["Head"] = {C0 = CFrame.new(-0.00924513862, 1.05599082, 0.00773835462, -0.698439121, -0.686384976, 0.202629268, -0.0100984052, 0.292556286, 0.956194997, -0.715598285, 0.66579771, -0.211264133), DesiredAngle = nil},
        ["Torso"] = {C0 = CFrame.new(0.146515042, -0.0170245804, 0.079023689, -0.182616517, 0.96692884, 0.178044349, -0.0630245432, -0.192229673, 0.979324102, 0.981162071, 0.167619586, 0.0960445553), DesiredAngle = nil},
        ["Right Leg"] = {C0 = CFrame.new(-0.155083299, -1.15836275, 0.519521773, 0.636176467, 0.399761379, 0.659901619, -0.578080654, 0.813423514, 0.0645338446, -0.510981441, -0.422531366, 0.74857533), DesiredAngle = nil},
        ["Left Arm"] = {C0 = CFrame.new(-1.65838492, 1.06603336, -0.211574152, 0.915569067, -0.363399923, 0.172260493, 0.0711200833, -0.275277942, -0.9587304, 0.395822048, 0.890035152, -0.226190925), DesiredAngle = nil},
    }
},

{
    Time = 0.067,
    Motors = {
        ["Left Leg"] = {C0 = CFrame.new(0.0638728142, -1.15171707, -0.918756366, -0.280011445, 0.0694667697, -0.957480013, 0.268222719, 0.963319004, -0.00855030306, 0.921764731, -0.259212106, -0.288372904), DesiredAngle = nil},
        ["Right Arm"] = {C0 = CFrame.new(1.64462543, 0.142056942, 0.256052405, 0.02141729, -0.979713917, -0.199253321, -0.893271387, -0.108259201, 0.436286598, -0.449007034, 0.168643177, -0.877469063), DesiredAngle = nil},
        ["Head"] = {C0 = CFrame.new(-0.00932514481, 1.06116462, 0.00880510081, -0.698541045, -0.686199665, 0.202904761, -0.0169615224, 0.299355447, 0.953990877, -0.715368867, 0.662960231, -0.220751047), DesiredAngle = nil},
        ["Torso"] = {C0 = CFrame.new(0.154324144, -0.0184753723, 0.078949675, -0.182800651, 0.965098202, 0.187535152, -0.0612384826, -0.201556087, 0.977560759, 0.981240928, 0.167214364, 0.0959457159), DesiredAngle = nil},
        ["Right Leg"] = {C0 = CFrame.new(-0.152709007, -1.15666687, 0.516280651, 0.636168122, 0.398984313, 0.660379946, -0.584554553, 0.807878375, 0.0750237405, -0.503573358, -0.433755845, 0.747174501), DesiredAngle = nil},
        ["Left Arm"] = {C0 = CFrame.new(-1.65571439, 1.06953216, -0.221448988, 0.917397976, -0.358009726, 0.173810631, 0.0760140419, -0.271069556, -0.959553719, 0.390644372, 0.89350462, -0.221464992), DesiredAngle = nil},
    }
},

{
    Time = 0.066,
    Motors = {
        ["Left Leg"] = {C0 = CFrame.new(0.0645883083, -1.16088641, -0.922073007, -0.279441893, 0.0698324591, -0.957619786, 0.284817994, 0.958490491, -0.0132164545, 0.91694653, -0.276440561, -0.287731946), DesiredAngle = nil},
        ["Right Arm"] = {C0 = CFrame.new(1.64235806, 0.147705168, 0.256983668, 0.0155609548, -0.980765522, -0.194568336, -0.899515748, -0.0987027287, 0.425592721, -0.436611027, 0.168394595, -0.883749962), DesiredAngle = nil},
        ["Head"] = {C0 = CFrame.new(-0.00940070488, 1.06647158, 0.00990296062, -0.698638856, -0.686030626, 0.203139842, -0.0239378959, 0.30617696, 0.951673627, -0.715073943, 0.660013437, -0.23032926), DesiredAngle = nil},
        ["Torso"] = {C0 = CFrame.new(0.162207246, -0.0200223848, 0.0788830519, -0.183031425, 0.963140428, 0.197129399, -0.0594343618, -0.210990489, 0.975679576, 0.981308877, 0.166863754, 0.0958615467), DesiredAngle = nil},
        ["Right Leg"] = {C0 = CFrame.new(-0.150824666, -1.1546694, 0.513303339, 0.636304557, 0.397817791, 0.660951853, -0.590630651, 0.802382231, 0.085662812, -0.496257871, -0.444886088, 0.745522916), DesiredAngle = nil},
        ["Left Arm"] = {C0 = CFrame.new(-1.65298176, 1.07313418, -0.231592953, 0.91926384, -0.352424502, 0.175359428, 0.0809921324, -0.266613454, -0.960394502, 0.385219812, 0.897058725, -0.216544509), DesiredAngle = nil},
    }
},

{
    Time = 0.050,
    Motors = {
        ["Left Leg"] = {C0 = CFrame.new(0.0650109053, -1.16784465, -0.924381554, -0.278978944, 0.0699905753, -0.957743227, 0.297205776, 0.954665542, -0.0168067496, 0.913148105, -0.289335519, -0.287133157), DesiredAngle = nil},
        ["Right Arm"] = {C0 = CFrame.new(1.64065742, 0.152017266, 0.257692218, 0.0109240711, -0.98153162, -0.190988198, -0.904149055, -0.0912722051, 0.417353421, -0.427077532, 0.168122619, -0.888447881), DesiredAngle = nil},
        ["Head"] = {C0 = CFrame.new(-0.00946293212, 1.07052088, 0.0107341334, -0.698691189, -0.685881793, 0.203461647, -0.0290786549, 0.311384261, 0.949839056, -0.714832127, 0.657727838, -0.237505972), DesiredAngle = nil},
        ["Torso"] = {C0 = CFrame.new(0.168121442, -0.0212363116, 0.0788312331, -0.18316932, 0.961606979, 0.204355091, -0.0581556037, -0.218106881, 0.974190712, 0.98135972, 0.166557446, 0.0958733112), DesiredAngle = nil},
        ["Right Leg"] = {C0 = CFrame.new(-0.149731636, -1.15289807, 0.511268258, 0.636453986, 0.396805644, 0.661416411, -0.594954729, 0.798293233, 0.0935779959, -0.490871966, -0.453070879, 0.744158268), DesiredAngle = nil},
        ["Left Arm"] = {C0 = CFrame.new(-1.65089083, 1.07588756, -0.23931478, 0.920637965, -0.348201364, 0.176582545, 0.0847401023, -0.263291776, -0.96098721, 0.381109715, 0.899685025, -0.212889761), DesiredAngle = nil},
    }
},

{
    Time = 0.067,
    Motors = {
        ["Left Leg"] = {C0 = CFrame.new(0.0653361082, -1.17727423, -0.927047908, -0.27831167, 0.0701086223, -0.957928717, 0.313329756, 0.949399889, -0.0215487871, 0.907946646, -0.306144834, -0.286196172), DesiredAngle = nil},
        ["Right Arm"] = {C0 = CFrame.new(1.63832927, 0.157827437, 0.258643746, 0.00476580858, -0.982473612, -0.186340913, -0.910135925, -0.081461072, 0.406222433, -0.414282382, 0.167659581, -0.894572794), DesiredAngle = nil},
        ["Head"] = {C0 = CFrame.new(-0.00954293739, 1.07597899, 0.0118631069, -0.698824883, -0.68565321, 0.203773275, -0.0359627455, 0.318199545, 0.947341442, -0.714388251, 0.654697478, -0.247023731), DesiredAngle = nil},
        ["Torso"] = {C0 = CFrame.new(0.175960168, -0.0229165629, 0.0787720233, -0.18341963, 0.959502995, 0.21380198, -0.0563554242, -0.227397472, 0.972169995, 0.981418073, 0.166266158, 0.0957823619), DesiredAngle = nil},
        ["Right Leg"] = {C0 = CFrame.new(-0.148902535, -1.15010917, 0.508856237, 0.636949241, 0.395055771, 0.661986828, -0.600221515, 0.793007553, 0.104274541, -0.483766288, -0.463756353, 0.742226541), DesiredAngle = nil},
        ["Left Arm"] = {C0 = CFrame.new(-1.64807534, 1.07959318, -0.24972786, 0.922443748, -0.342465073, 0.178367734, 0.0899001956, -0.258762091, -0.961748481, 0.375519931, 0.903194249, -0.20790574), DesiredAngle = nil},
    }
},

{
    Time = 0.067,
    Motors = {
        ["Left Leg"] = {C0 = CFrame.new(0.0654336214, -1.18670368, -0.929356515, -0.277768999, 0.0701168031, -0.958085597, 0.329124153, 0.943919241, -0.026339924, 0.902508557, -0.322645545, -0.285268635), DesiredAngle = nil},
        ["Right Arm"] = {C0 = CFrame.new(1.63600135, 0.16367811, 0.259595245, -0.00159516931, -0.983359575, -0.181662485, -0.915960312, -0.0714583099, 0.394854784, -0.401265562, 0.167025447, -0.900604367), DesiredAngle = nil},
        ["Head"] = {C0 = CFrame.new(-0.00962294359, 1.08147275, 0.0129965236, -0.698938251, -0.685429871, 0.204135731, -0.0427343249, 0.324948102, 0.944765925, -0.713904202, 0.651609361, -0.256410033), DesiredAngle = nil},
        ["Torso"] = {C0 = CFrame.new(0.183673009, -0.024641227, 0.0787127987, -0.183614463, 0.95731473, 0.223235667, -0.0545588955, -0.236671418, 0.970056593, 0.981483102, 0.165936947, 0.0956863388), DesiredAngle = nil},
        ["Right Leg"] = {C0 = CFrame.new(-0.148638725, -1.14694345, 0.506745696, 0.637519538, 0.392974615, 0.662676275, -0.605043232, 0.787863851, 0.114862084, -0.476960778, -0.474174589, 0.740045249), DesiredAngle = nil},
        ["Left Arm"] = {C0 = CFrame.new(-1.64523911, 1.08331966, -0.260223716, 0.924214721, -0.336708844, 0.18015039, 0.0950127542, -0.254164279, -0.96248275, 0.369864166, 0.906657338, -0.202910632), DesiredAngle = nil},
    }
},

{
    Time = 0.068,
    Motors = {
        ["Left Leg"] = {C0 = CFrame.new(0.0652873516, -1.19665337, -0.931413114, -0.277052522, 0.0699978843, -0.958301723, 0.345213562, 0.938002467, -0.0312887654, 0.89669925, -0.339487404, -0.284040153), DesiredAngle = nil},
        ["Right Arm"] = {C0 = CFrame.new(1.63354659, 0.169893146, 0.260602355, -0.0083103478, -0.984200239, -0.176863417, -0.921885788, -0.0609761477, 0.382633448, -0.387372404, 0.166227639, -0.906813502), DesiredAngle = nil},
        ["Head"] = {C0 = CFrame.new(-0.00970739499, 1.08730876, 0.0142010581, -0.699174464, -0.685051084, 0.204597235, -0.0496375486, 0.331991136, 0.941975594, -0.713225842, 0.6484496, -0.26612401), DesiredAngle = nil},
        ["Torso"] = {C0 = CFrame.new(0.19165422, -0.0265213326, 0.0786646903, -0.184031963, 0.954926968, 0.232909471, -0.0527067259, -0.246202916, 0.967784166, 0.981506109, 0.165827319, 0.0956402645), DesiredAngle = nil},
        ["Right Leg"] = {C0 = CFrame.new(-0.14910984, -1.14308047, 0.504917979, 0.6384148, 0.39044106, 0.66331166, -0.60949254, 0.782734454, 0.125879645, -0.470048279, -0.484646916, 0.737680137), DesiredAngle = nil},
        ["Left Arm"] = {C0 = CFrame.new(-1.64222705, 1.08729959, -0.271356225, 0.926105857, -0.330472291, 0.181977779, 0.100372642, -0.249142319, -0.963251412, 0.363666177, 0.910338402, -0.197561741), DesiredAngle = nil},
    }
},

{
    Time = 0.065,
    Motors = {
        ["Left Leg"] = {C0 = CFrame.new(0.0649460554, -1.20523739, -0.93299824, -0.27646035, 0.069906801, -0.958479345, 0.358888566, 0.932705462, -0.0354895815, 0.89149797, -0.353798747, -0.282944798), DesiredAngle = nil},
        ["Right Arm"] = {C0 = CFrame.new(1.63138545, 0.175338924, 0.261477947, -0.0143641829, -0.984868765, -0.172705621, -0.926862419, -0.0516848862, 0.3718265, -0.375126719, 0.165415466, -0.912095368), DesiredAngle = nil},
        ["Head"] = {C0 = CFrame.new(-0.00978295598, 1.09242463, 0.0152544677, -0.699359834, -0.68474555, 0.204986364, -0.0555830374, 0.338018388, 0.939496756, -0.712605357, 0.645652533, -0.27445671), DesiredAngle = nil},
        ["Torso"] = {C0 = CFrame.new(0.198462188, -0.0281867776, 0.0786313787, -0.184361994, 0.952804565, 0.241192952, -0.0511095375, -0.254361302, 0.965757728, 0.98152864, 0.165721774, 0.0955919549), DesiredAngle = nil},
        ["Right Leg"] = {C0 = CFrame.new(-0.150221586, -1.13917983, 0.503693044, 0.639349222, 0.387810498, 0.663954616, -0.6128425, 0.778517544, 0.135405451, -0.464388609, -0.493470967, 0.735411286), DesiredAngle = nil},
        ["Left Arm"] = {C0 = CFrame.new(-1.63958752, 1.09077227, -0.281132728, 0.927686691, -0.325077027, 0.183636308, 0.105030507, -0.244764686, -0.963876963, 0.35828191, 0.913463235, -0.192921907), DesiredAngle = nil},
    }
},

{
    Time = 0.066,
    Motors = {
        ["Left Leg"] = {C0 = CFrame.new(0.0643930435, -1.21414661, -0.93426621, -0.275801927, 0.069579944, -0.958692789, 0.372612447, 0.927128613, -0.0399060696, 0.886054873, -0.368227035, -0.281630188), DesiredAngle = nil},
        ["Right Arm"] = {C0 = CFrame.new(1.6291182, 0.181088358, 0.262388974, -0.020693779, -0.985512316, -0.168336451, -0.931885242, -0.0419782102, 0.360316098, -0.362162381, 0.164326549, -0.917515755), DesiredAngle = nil},
        ["Head"] = {C0 = CFrame.new(-0.00986296125, 1.0978117, 0.0163701084, -0.699597418, -0.684349597, 0.205497235, -0.0615282655, 0.34422332, 0.936869621, -0.711883247, 0.642787635, -0.282924592), DesiredAngle = nil},
        ["Torso"] = {C0 = CFrame.new(0.205397874, -0.0299484525, 0.0786017701, -0.184825793, 0.950545669, 0.249604166, -0.0494767427, -0.262657642, 0.963619709, 0.981525064, 0.165752172, 0.0955758169), DesiredAngle = nil},
        ["Right Leg"] = {C0 = CFrame.new(-0.152294397, -1.13446891, 0.502863884, 0.640518785, 0.384649426, 0.664665818, -0.615697265, 0.774505556, 0.145114392, -0.458969116, -0.502181292, 0.732912898), DesiredAngle = nil},
        ["Left Arm"] = {C0 = CFrame.new(-1.6368134, 1.09443641, -0.291421592, 0.92927593, -0.31943965, 0.185484409, 0.109981596, -0.240096003, -0.964498758, 0.352633119, 0.916685402, -0.187982857), DesiredAngle = nil},
    }
},

{
    Time = 0.067,
    Motors = {
        ["Left Leg"] = {C0 = CFrame.new(0.0635801554, -1.22266567, -0.935241759, -0.275098562, 0.0691819265, -0.958923697, 0.385403365, 0.921695232, -0.0440694951, 0.880786538, -0.381695896, -0.280219972), DesiredAngle = nil},
        ["Right Arm"] = {C0 = CFrame.new(1.62689126, 0.186696053, 0.263279736, -0.0269965827, -0.986054659, -0.164217889, -0.936556995, -0.032482326, 0.349007279, -0.34947446, 0.163221538, -0.922619343), DesiredAngle = nil},
        ["Head"] = {C0 = CFrame.new(-0.00993852317, 1.10308766, 0.0174590778, -0.699879706, -0.683912873, 0.20598948, -0.0671286285, 0.350101143, 0.934303522, -0.711099267, 0.640072227, -0.290938824), DesiredAngle = nil},
        ["Torso"] = {C0 = CFrame.new(0.211948633, -0.031673111, 0.0785943717, -0.185291976, 0.948324323, 0.257580638, -0.0479384884, -0.270530641, 0.961517036, 0.9815135, 0.165813372, 0.095588401), DesiredAngle = nil},
        ["Right Leg"] = {C0 = CFrame.new(-0.155158758, -1.12915504, 0.502449334, 0.641903102, 0.381048441, 0.665404141, -0.617796659, 0.771021307, 0.1544462, -0.454189241, -0.510223866, 0.730331361), DesiredAngle = nil},
        ["Left Arm"] = {C0 = CFrame.new(-1.63410151, 1.09801793, -0.301503479, 0.930825353, -0.313844979, 0.187257886, 0.114746571, -0.235496342, -0.965077579, 0.346983373, 0.919805884, -0.183193296), DesiredAngle = nil},
    }
},

{
    Time = 0.051,
    Motors = {
        ["Left Leg"] = {C0 = CFrame.new(0.0628974438, -1.22871363, -0.935794532, -0.274502009, 0.068879135, -0.959116399, 0.394396037, 0.917739391, -0.0469696969, 0.876983702, -0.391164988, -0.279086977), DesiredAngle = nil},
        ["Right Arm"] = {C0 = CFrame.new(1.62527156, 0.190825939, 0.263927549, -0.0316480398, -0.986404479, -0.161259443, -0.939848125, -0.0255337059, 0.340636909, -0.340123326, 0.162339866, -0.926262319), DesiredAngle = nil},
        ["Head"] = {C0 = CFrame.new(-0.00999630615, 1.10695469, 0.0182546955, -0.700156748, -0.683515191, 0.206367373, -0.0710143521, 0.354267418, 0.932443857, -0.710448742, 0.638201773, -0.296582103), DesiredAngle = nil},
        ["Torso"] = {C0 = CFrame.new(0.216560096, -0.0329240598, 0.0786017701, -0.185758129, 0.946682334, 0.263223112, -0.0467954203, -0.276104838, 0.959987581, 0.981480479, 0.166007876, 0.0955891386), DesiredAngle = nil},
        ["Right Leg"] = {C0 = CFrame.new(-0.158022881, -1.12467015, 0.502562404, 0.643062532, 0.378065288, 0.665985823, -0.618797064, 0.7688694, 0.161028147, -0.451176971, -0.51566124, 0.728376806), DesiredAngle = nil},
        ["Left Arm"] = {C0 = CFrame.new(-1.63209343, 1.10064721, -0.308894068, 0.931904912, -0.309796304, 0.188625157, 0.118226975, -0.232195288, -0.965457201, 0.342893004, 0.922014952, -0.179757684), DesiredAngle = nil},
    }
},

{
    Time = 0.066,
    Motors = {
        ["Left Leg"] = {C0 = CFrame.new(0.061824441, -1.23628962, -0.936314762, -0.273759425, 0.0684496164, -0.959359348, 0.405452967, 0.912715673, -0.0505770035, 0.872160375, -0.402821064, -0.277617633), DesiredAngle = nil},
        ["Right Arm"] = {C0 = CFrame.new(1.6231662, 0.196150273, 0.264757574, -0.0377255082, -0.986817718, -0.157377154, -0.943944454, -0.016492635, 0.329692245, -0.327941775, 0.160993129, -0.930878878), DesiredAngle = nil},
        ["Head"] = {C0 = CFrame.new(-0.0100718662, 1.11195946, 0.0192858819, -0.700528085, -0.682974696, 0.206896037, -0.0758464336, 0.359537184, 0.930043221, -0.709582806, 0.635829031, -0.303667068), DesiredAngle = nil},
        ["Torso"] = {C0 = CFrame.new(0.222259611, -0.0345154814, 0.0786313787, -0.186379045, 0.94460392, 0.270159543, -0.0453814119, -0.282961369, 0.958057046, 0.981429219, 0.166301534, 0.0956055298), DesiredAngle = nil},
        ["Right Leg"] = {C0 = CFrame.new(-0.162771463, -1.11807489, 0.503240824, 0.644850671, 0.37361607, 0.666767299, -0.619306684, 0.766666532, 0.169356495, -0.447913855, -0.522143126, 0.725768387), DesiredAngle = nil},
        ["Left Arm"] = {C0 = CFrame.new(-1.62952638, 1.1040628, -0.318458378, 0.933306098, -0.304501563, 0.190311581, 0.122665942, -0.227746308, -0.965963125, 0.337480128, 0.924884021, -0.175205112), DesiredAngle = nil},
    }
},

{
    Time = 0.051,
    Motors = {
        ["Left Leg"] = {C0 = CFrame.new(0.0609465837, -1.24145961, -0.936639965, -0.273124039, 0.0680568144, -0.959568381, 0.412896901, 0.909232199, -0.0530369878, 0.86886096, -0.41068849, -0.276433647), DesiredAngle = nil},
        ["Right Arm"] = {C0 = CFrame.new(1.62164783, 0.200016946, 0.265344679, -0.0420820117, -0.987069607, -0.154669285, -0.946763039, -0.0100570023, 0.321774006, -0.319168746, 0.159976006, -0.934097826), DesiredAngle = nil},
        ["Head"] = {C0 = CFrame.new(-0.010125204, 1.11557746, 0.0200326052, -0.700905502, -0.682466269, 0.20729503, -0.0791102052, 0.363224447, 0.928336978, -0.708853364, 0.634277344, -0.308576047), DesiredAngle = nil},
        ["Torso"] = {C0 = CFrame.new(0.226160482, -0.0356257856, 0.0786683932, -0.186903641, 0.943133414, 0.274893582, -0.0443671495, -0.287642956, 0.956709564, 0.981375873, 0.166616246, 0.0956056416), DesiredAngle = nil},
        ["Right Leg"] = {C0 = CFrame.new(-0.167105675, -1.11257255, 0.504220605, 0.646374404, 0.369929582, 0.667347014, -0.618985832, 0.765629411, 0.175122648, -0.446157515, -0.526273191, 0.723864496), DesiredAngle = nil},
        ["Left Arm"] = {C0 = CFrame.new(-1.62764239, 1.10652637, -0.325372875, 0.93429476, -0.300641686, 0.191593111, 0.125919074, -0.224493384, -0.966305971, 0.333523333, 0.926939726, -0.171886504), DesiredAngle = nil},
    }
},

{
    Time = 0.066,
    Motors = {
        ["Left Leg"] = {C0 = CFrame.new(0.0596460104, -1.2477026, -0.936802566, -0.272269785, 0.0675023049, -0.959850311, 0.421781629, 0.904966474, -0.0559994057, 0.864852309, -0.420094162, -0.274866283), DesiredAngle = nil},
        ["Right Arm"] = {C0 = CFrame.new(1.61970448, 0.204936355, 0.266113967, -0.0477205813, -0.987333179, -0.151313812, -0.950201452, -0.00183308125, 0.311630726, -0.307960629, 0.158649743, -0.938078046), DesiredAngle = nil},
        ["Head"] = {C0 = CFrame.new(-0.0101918755, 1.12019563, 0.0209882315, -0.701425254, -0.681758225, 0.207866013, -0.0828644335, 0.367668033, 0.926257908, -0.707909644, 0.632475972, -0.314385176), DesiredAngle = nil},
        ["Torso"] = {C0 = CFrame.new(0.23082374, -0.036987748, 0.0787350014, -0.187742069, 0.941299915, 0.280548334, -0.0432122499, -0.293266237, 0.955053806, 0.981267333, 0.167180642, 0.0957340896), DesiredAngle = nil},
        ["Right Leg"] = {C0 = CFrame.new(-0.174341559, -1.10413063, 0.506444156, 0.64863044, 0.364323556, 0.668241501, -0.617455721, 0.765228987, 0.182134092, -0.445002109, -0.530747294, 0.721304595), DesiredAngle = nil},
        ["Left Arm"] = {C0 = CFrame.new(-1.62526178, 1.10967302, -0.334191889, 0.935509682, -0.295747131, 0.19327572, 0.130032331, -0.220433086, -0.966695905, 0.328502119, 0.92948544, -0.16776073), DesiredAngle = nil},
    }
},

{
    Time = 0.068,
    Motors = {
        ["Left Leg"] = {C0 = CFrame.new(0.0581989288, -1.25332785, -0.936770022, -0.271283954, 0.0669231713, -0.960169971, 0.429678649, 0.901078701, -0.0585957319, 0.861267269, -0.428460628, -0.273203641), DesiredAngle = nil},
        ["Right Arm"] = {C0 = CFrame.new(1.61777616, 0.209830463, 0.266868055, -0.0534167886, -0.987559915, -0.147891343, -0.953497887, 0.00644877553, 0.301330298, -0.296627939, 0.157110095, -0.941980898), DesiredAngle = nil},
        ["Head"] = {C0 = CFrame.new(-0.010258547, 1.12480712, 0.0219394155, -0.702017903, -0.680930793, 0.208576426, -0.0861247629, 0.37190479, 0.924266934, -0.706932366, 0.630888343, -0.319728792), DesiredAngle = nil},
        ["Torso"] = {C0 = CFrame.new(0.235016972, -0.0382460952, 0.0788386315, -0.188703209, 0.939572811, 0.285646796, -0.0420694947, -0.298339874, 0.9535321, 0.981132627, 0.16791755, 0.0958250389), DesiredAngle = nil},
        ["Right Leg"] = {C0 = CFrame.new(-0.184130907, -1.09351218, 0.510194063, 0.651478529, 0.357372344, 0.669224024, -0.614156485, 0.766302884, 0.18865782, -0.445407182, -0.533914804, 0.718712449), DesiredAngle = nil},
        ["Left Arm"] = {C0 = CFrame.new(-1.62289143, 1.11279392, -0.343010932, 0.93668288, -0.290891945, 0.194954097, 0.134092152, -0.216340274, -0.967065752, 0.323487997, 0.931975782, -0.16363591), DesiredAngle = nil},
    }
},

{
    Time = 0.065,
    Motors = {
        ["Left Leg"] = {C0 = CFrame.new(0.056882143, -1.25735974, -0.936639965, -0.270340651, 0.0663999319, -0.960472226, 0.435251445, 0.898280025, -0.0604082048, 0.858761966, -0.43437776, -0.271742254), DesiredAngle = nil},
        ["Right Arm"] = {C0 = CFrame.new(1.61620212, 0.213864207, 0.267490596, -0.0581485033, -0.987689495, -0.145218253, -0.956053913, 0.0132225454, 0.292892605, -0.287366837, 0.155867755, -0.94505322), DesiredAngle = nil},
        ["Head"] = {C0 = CFrame.new(-0.0103163291, 1.12859178, 0.0227216929, -0.702640116, -0.680092871, 0.209214091, -0.0883559212, 0.375145495, 0.922745407, -0.706038296, 0.62987268, -0.323682547), DesiredAngle = nil},
        ["Torso"] = {C0 = CFrame.new(0.238018468, -0.0391639397, 0.0789644569, -0.189680308, 0.938263297, 0.289280474, -0.0412724838, -0.301988184, 0.952417731, 0.980978012, 0.168715581, 0.0960056707), DesiredAngle = nil},
        ["Right Leg"] = {C0 = CFrame.new(-0.195860982, -1.08159351, 0.515564561, 0.654615283, 0.349730462, 0.670199573, -0.609053195, 0.769157887, 0.193520933, -0.44780913, -0.534868896, 0.716506958), DesiredAngle = nil},
        ["Left Arm"] = {C0 = CFrame.new(-1.62093508, 1.11538684, -0.350235939, 0.93761605, -0.286949486, 0.196305841, 0.137379408, -0.212897807, -0.967368245, 0.319378972, 0.933988452, -0.16019541), DesiredAngle = nil},
    }
},

{
    Time = 0.067,
    Motors = {
        ["Left Leg"] = {C0 = CFrame.new(0.0554838181, -1.26051378, -0.93637979, -0.269162804, 0.0658920482, -0.96083796, 0.439717919, 0.896011829, -0.0617332533, 0.856854439, -0.439113945, -0.270146936), DesiredAngle = nil},
        ["Right Arm"] = {C0 = CFrame.new(1.61464334, 0.217811853, 0.268097937, -0.0626513958, -0.987789571, -0.142641842, -0.958442628, 0.0196916163, 0.284605324, -0.278321356, 0.154545009, -0.947973251), DesiredAngle = nil},
        ["Head"] = {C0 = CFrame.new(-0.0103696678, 1.1322943, 0.0234817527, -0.70333755, -0.679162323, 0.20989266, -0.0899927616, 0.377962798, 0.921436667, -0.705136597, 0.629192173, -0.32695511), DesiredAngle = nil},
        ["Torso"] = {C0 = CFrame.new(0.240431532, -0.0399115421, 0.0791199058, -0.190808177, 0.937115312, 0.292244494, -0.040496245, -0.304975569, 0.951498628, 0.980791569, 0.169718936, 0.0961415172), DesiredAngle = nil},
        ["Right Leg"] = {C0 = CFrame.new(-0.216890454, -1.06143093, 0.527172089, 0.660122514, 0.337204576, 0.671216369, -0.597903967, 0.776783705, 0.197782516, -0.454696774, -0.531883597, 0.714388371), DesiredAngle = nil},
        ["Left Arm"] = {C0 = CFrame.new(-1.61903048, 1.11789179, -0.357316017, 0.938542008, -0.282962859, 0.197663933, 0.140623063, -0.209521413, -0.967639387, 0.315220892, 0.935966253, -0.156853586), DesiredAngle = nil},
    }
},

{
    Time = 0.066,
    Motors = {
        ["Left Leg"] = {C0 = CFrame.new(0.0541182756, -1.2624321, -0.936054647, -0.267973989, 0.0654469654, -0.961200595, 0.442500472, 0.894590914, -0.062453486, 0.855793953, -0.442067623, -0.268687397), DesiredAngle = nil},
        ["Right Arm"] = {C0 = CFrame.new(1.61326671, 0.221354663, 0.268644512, -0.0669317544, -0.987846255, -0.140284985, -0.960499525, 0.02572909, 0.277089387, -0.270112157, 0.153289646, -0.950548053), DesiredAngle = nil},
        ["Head"] = {C0 = CFrame.new(-0.0104185585, 1.13561904, 0.0241706911, -0.704198062, -0.67804122, 0.210630298, -0.0907348469, 0.380170226, 0.920455158, -0.70418191, 0.629071295, -0.329237103), DesiredAngle = nil},
        ["Torso"] = {C0 = CFrame.new(0.241963774, -0.0404074788, 0.0793123692, -0.192087755, 0.936266541, 0.294121265, -0.040041253, -0.306929946, 0.950889468, 0.980560541, 0.170877233, 0.09644676), DesiredAngle = nil},
        ["Right Leg"] = {C0 = CFrame.new(-0.233021021, -1.04530036, 0.535275221, 0.663962364, 0.327188283, 0.672385216, -0.589111447, 0.782687128, 0.20086953, -0.460545093, -0.529479623, 0.712425113), DesiredAngle = nil},
