local keyFrames = {

{
    Time = 0.067,
    Motors = {
        ["Left Leg"] = {C0 = CFrame.new(-1, -1, 0, 0, 0, -1, 0, 1, 0, 1, 0, 0), DesiredAngle = nil},
        ["Right Arm"] = {C0 = CFrame.new(1, 0.499996185, 3.81469727e-06, -2.81597022e-05, -0.687087357, 0.726574957, -0.00364888273, -0.726569891, -0.687082827, 0.999993324, -0.00267053442, -0.00248664105), DesiredAngle = nil},
        ["Head"] = {C0 = CFrame.new(0, 1, 0, -1, 0, 0, 0, 0, 1, 0, 1, 0), DesiredAngle = nil},
        ["Torso"] = {C0 = CFrame.new(0, 0, 0, -0.999975681, 0, -0.00697400887, -0.00697400887, 0, 0.999975681, 0, 1, 0), DesiredAngle = nil},
        ["Right Leg"] = {C0 = CFrame.new(1, -1, 0, 0, 0, 1, 0, 1, 0, -1, 0, 0), DesiredAngle = nil},
        ["Left Arm"] = {C0 = CFrame.new(-0.999992371, 0.500001431, 0, -3.27425078e-05, 0.684547544, -0.728968859, 0.00362561597, -0.728963435, -0.684543133, -0.999993443, -0.00266537303, -0.00245803781), DesiredAngle = nil},
    }
},

{
    Time = 0.066,
    Motors = {
        ["Left Leg"] = {C0 = CFrame.new(-1, -1, 0, 0, 0, -1, 0, 1, 0, 1, 0, 0), DesiredAngle = nil},
        ["Right Arm"] = {C0 = CFrame.new(1, 0.499996185, 3.81469727e-06, -2.81597022e-05, -0.687087357, 0.726574957, -0.00364888273, -0.726569891, -0.687082827, 0.999993324, -0.00267053442, -0.00248664105), DesiredAngle = nil},
        ["Head"] = {C0 = CFrame.new(0, 1, 0, -1, 0, 0, 0, 0, 1, 0, 1, 0), DesiredAngle = nil},
        ["Torso"] = {C0 = CFrame.new(0, 0, 0, -0.999975681, 0, -0.00697400933, -0.00697400933, 0, 0.999975681, 0, 1, 0), DesiredAngle = nil},
        ["Right Leg"] = {C0 = CFrame.new(1, -1, 0, 0, 0, 1, 0, 1, 0, -1, 0, 0), DesiredAngle = nil},
        ["Left Arm"] = {C0 = CFrame.new(-0.999992371, 0.500001431, 0, -3.27425078e-05, 0.684547544, -0.728968859, 0.00362561597, -0.728963435, -0.684543133, -0.999993443, -0.00266537303, -0.00245803781), DesiredAngle = nil},
    }
},

{
    Time = 0.050,
    Motors = {
        ["Left Leg"] = {C0 = CFrame.new(-1, -1, 0, 0, 0, -1, 0, 1, 0, 1, 0, 0), DesiredAngle = nil},
        ["Right Arm"] = {C0 = CFrame.new(1, 0.499996185, 3.81469727e-06, -2.81597022e-05, -0.687087357, 0.726574957, -0.00364888273, -0.726569891, -0.687082827, 0.999993324, -0.00267053442, -0.00248664105), DesiredAngle = nil},
        ["Head"] = {C0 = CFrame.new(0, 1, 0, -1, 0, 0, 0, 0, 1, 0, 1, 0), DesiredAngle = nil},
        ["Torso"] = {C0 = CFrame.new(0, 0, 0, -0.999975681, 0, -0.00697400887, -0.00697400887, 0, 0.999975681, 0, 1, 0), DesiredAngle = nil},
        ["Right Leg"] = {C0 = CFrame.new(1, -1, 0, 0, 0, 1, 0, 1, 0, -1, 0, 0), DesiredAngle = nil},
        ["Left Arm"] = {C0 = CFrame.new(-0.999992371, 0.500001431, 0, -3.27425078e-05, 0.684547544, -0.728968859, 0.00362561597, -0.728963435, -0.684543133, -0.999993443, -0.00266537303, -0.00245803781), DesiredAngle = nil},
    }
},

{
    Time = 0.067,
    Motors = {
        ["Left Leg"] = {C0 = CFrame.new(-1, -1, 0, 0, 0, -1, 0, 1, 0, 1, 0, 0), DesiredAngle = nil},
        ["Right Arm"] = {C0 = CFrame.new(1, 0.499996185, 3.81469727e-06, -2.81597022e-05, -0.687087357, 0.726574957, -0.00364888273, -0.726569891, -0.687082827, 0.999993324, -0.00267053442, -0.00248664105), DesiredAngle = nil},
        ["Head"] = {C0 = CFrame.new(0, 1, 0, -1, 0, 0, 0, 0, 1, 0, 1, 0), DesiredAngle = nil},
        ["Torso"] = {C0 = CFrame.new(0, 0, 0, -0.999975681, 0, -0.00697400887, -0.00697400887, 0, 0.999975681, 0, 1, 0), DesiredAngle = nil},
        ["Right Leg"] = {C0 = CFrame.new(1, -1, 0, 0, 0, 1, 0, 1, 0, -1, 0, 0), DesiredAngle = nil},
        ["Left Arm"] = {C0 = CFrame.new(-0.999992371, 0.500001431, 0, -3.27425078e-05, 0.684547544, -0.728968859, 0.00362561597, -0.728963435, -0.684543133, -0.999993443, -0.00266537303, -0.00245803781), DesiredAngle = nil},
    }
},

{
    Time = 0.066,
    Motors = {
        ["Left Leg"] = {C0 = CFrame.new(-1, -1, 0, 0, 0, -1, 0, 1, 0, 1, 0, 0), DesiredAngle = nil},
        ["Right Arm"] = {C0 = CFrame.new(1, 0.499996185, 3.81469727e-06, -2.81597022e-05, -0.687087357, 0.726574957, -0.00364888273, -0.726569891, -0.687082827, 0.999993324, -0.00267053442, -0.00248664105), DesiredAngle = nil},
        ["Head"] = {C0 = CFrame.new(0, 1, 0, -1, 0, 0, 0, 0, 1, 0, 1, 0), DesiredAngle = nil},
        ["Torso"] = {C0 = CFrame.new(0, 0, 0, -0.999975681, 0, -0.00697400887, -0.00697400887, 0, 0.999975681, 0, 1, 0), DesiredAngle = nil},
        ["Right Leg"] = {C0 = CFrame.new(1, -1, 0, 0, 0, 1, 0, 1, 0, -1, 0, 0), DesiredAngle = nil},
        ["Left Arm"] = {C0 = CFrame.new(-0.999992371, 0.500001431, 0, -3.27425078e-05, 0.684547544, -0.728968859, 0.00362561597, -0.728963435, -0.684543133, -0.999993443, -0.00266537303, -0.00245803781), DesiredAngle = nil},
    }
},

{
    Time = 0.068,
    Motors = {
        ["Left Leg"] = {C0 = CFrame.new(-1, -1, 0, 0, 0, -1, 0, 1, 0, 1, 0, 0), DesiredAngle = nil},
        ["Right Arm"] = {C0 = CFrame.new(1, 0.499996185, 3.81469727e-06, -2.80715758e-05, -0.687087357, 0.726574957, -0.00364866108, -0.726569951, -0.687082827, 0.999993324, -0.00267031277, -0.00248655258), DesiredAngle = nil},
        ["Head"] = {C0 = CFrame.new(0, 1, 0, -1, 0, 0, 0, 0, 1, 0, 1, 0), DesiredAngle = nil},
        ["Torso"] = {C0 = CFrame.new(0, 0, 0, -0.999975681, 0, -0.00697400887, -0.00697400887, 0, 0.999975681, 0, 1, 0), DesiredAngle = nil},
        ["Right Leg"] = {C0 = CFrame.new(1, -1, 0, 0, 0, 1, 0, 1, 0, -1, 0, 0), DesiredAngle = nil},
        ["Left Arm"] = {C0 = CFrame.new(-0.999992371, 0.500001431, 0, -3.27425078e-05, 0.684547544, -0.728968859, 0.00362561597, -0.728963435, -0.684543133, -0.999993443, -0.00266537303, -0.00245803781), DesiredAngle = nil},
    }
},

{
    Time = 0.065,
    Motors = {
        ["Left Leg"] = {C0 = CFrame.new(-1, -1, 0, 0, 0, -1, 0, 1, 0, 1, 0, 0), DesiredAngle = nil},
        ["Right Arm"] = {C0 = CFrame.new(1, 0.499996185, 3.81469727e-06, -2.80716922e-05, -0.687087357, 0.726574957, -0.00364866108, -0.726569891, -0.687082827, 0.999993324, -0.00267031277, -0.00248655281), DesiredAngle = nil},
        ["Head"] = {C0 = CFrame.new(0, 1, 0, -1, 0, 0, 0, 0, 1, 0, 1, 0), DesiredAngle = nil},
        ["Torso"] = {C0 = CFrame.new(0, 0, 0, -0.999975681, 0, -0.00697400887, -0.00697400887, 0, 0.999975681, 0, 1, 0), DesiredAngle = nil},
        ["Right Leg"] = {C0 = CFrame.new(1, -1, 0, 0, 0, 1, 0, 1, 0, -1, 0, 0), DesiredAngle = nil},
        ["Left Arm"] = {C0 = CFrame.new(-0.999992371, 0.500001431, 0, -3.27425078e-05, 0.684547544, -0.728968859, 0.00362561597, -0.728963435, -0.684543133, -0.999993443, -0.00266537303, -0.00245803781), DesiredAngle = nil},
    }
},

{
    Time = 0.067,
    Motors = {
        ["Left Leg"] = {C0 = CFrame.new(-1, -1, 0, 0, 0, -1, 0, 1, 0, 1, 0, 0), DesiredAngle = nil},
        ["Right Arm"] = {C0 = CFrame.new(1, 0.499996185, 3.81469727e-06, -2.81597022e-05, -0.687087357, 0.726574957, -0.00364888273, -0.726569891, -0.687082827, 0.999993324, -0.00267053442, -0.00248664105), DesiredAngle = nil},
        ["Head"] = {C0 = CFrame.new(0, 1, 0, -1, 0, 0, 0, 0, 1, 0, 1, 0), DesiredAngle = nil},
        ["Torso"] = {C0 = CFrame.new(0, 0, 0, -0.999975681, 0, -0.00697400793, -0.00697400793, 0, 0.999975681, 0, 1, 0), DesiredAngle = nil},
        ["Right Leg"] = {C0 = CFrame.new(1, -1, 0, 0, 0, 1, 0, 1, 0, -1, 0, 0), DesiredAngle = nil},
        ["Left Arm"] = {C0 = CFrame.new(-0.999992371, 0.500001431, 0, -3.27425078e-05, 0.684547544, -0.728968859, 0.00362561597, -0.728963435, -0.684543133, -0.999993443, -0.00266537303, -0.00245803781), DesiredAngle = nil},
    }
},

{
    Time = 0.066,
    Motors = {
        ["Left Leg"] = {C0 = CFrame.new(-1, -1, 0, 0, 0, -1, 0, 1, 0, 1, 0, 0), DesiredAngle = nil},
        ["Right Arm"] = {C0 = CFrame.new(1, 0.499996185, 3.81469727e-06, -2.81597022e-05, -0.687087357, 0.726574957, -0.00364888273, -0.726569891, -0.687082827, 0.999993324, -0.00267053442, -0.00248664105), DesiredAngle = nil},
        ["Head"] = {C0 = CFrame.new(0, 1, 0, -1, 0, 0, 0, 0, 1, 0, 1, 0), DesiredAngle = nil},
        ["Torso"] = {C0 = CFrame.new(0, 0, 0, -0.999975681, 0, -0.00697400933, -0.00697400933, 0, 0.999975681, 0, 1, 0), DesiredAngle = nil},
        ["Right Leg"] = {C0 = CFrame.new(1, -1, 0, 0, 0, 1, 0, 1, 0, -1, 0, 0), DesiredAngle = nil},
        ["Left Arm"] = {C0 = CFrame.new(-0.999992371, 0.500001431, 0, -3.27425078e-05, 0.684547544, -0.728968859, 0.00362561597, -0.728963435, -0.684543133, -0.999993443, -0.00266537303, -0.00245803781), DesiredAngle = nil},
    }
},

{
    Time = 0.067,
    Motors = {
        ["Left Leg"] = {C0 = CFrame.new(-1, -1, 0, 0, 0, -1, 0, 1, 0, 1, 0, 0), DesiredAngle = nil},
        ["Right Arm"] = {C0 = CFrame.new(1, 0.499996185, 3.81469727e-06, -2.81597022e-05, -0.687087357, 0.726574957, -0.00364888273, -0.726569891, -0.687082827, 0.999993324, -0.00267053442, -0.00248664105), DesiredAngle = nil},
        ["Head"] = {C0 = CFrame.new(0, 1, 0, -1, 0, 0, 0, 0, 1, 0, 1, 0), DesiredAngle = nil},
        ["Torso"] = {C0 = CFrame.new(0, 0, 0, -0.999975681, 0, -0.00697400887, -0.00697400887, 0, 0.999975681, 0, 1, 0), DesiredAngle = nil},
        ["Right Leg"] = {C0 = CFrame.new(1, -1, 0, 0, 0, 1, 0, 1, 0, -1, 0, 0), DesiredAngle = nil},
        ["Left Arm"] = {C0 = CFrame.new(-0.999992371, 0.500001431, 0, -3.27425078e-05, 0.684547544, -0.728968859, 0.00362561597, -0.728963435, -0.684543133, -0.999993443, -0.00266537303, -0.00245803781), DesiredAngle = nil},
    }
},

{
    Time = 0.051,
    Motors = {
        ["Left Leg"] = {C0 = CFrame.new(-1, -1, 0, 0, 0, -1, 0, 1, 0, 1, 0, 0), DesiredAngle = nil},
        ["Right Arm"] = {C0 = CFrame.new(1, 0.499996185, 3.81469727e-06, -2.81597022e-05, -0.687087357, 0.726574957, -0.00364888273, -0.726569891, -0.687082827, 0.999993324, -0.00267053442, -0.00248664105), DesiredAngle = nil},
        ["Head"] = {C0 = CFrame.new(0, 1, 0, -1, 0, 0, 0, 0, 1, 0, 1, 0), DesiredAngle = nil},
        ["Torso"] = {C0 = CFrame.new(0, 0, 0, -0.999975681, 0, -0.00697400887, -0.00697400887, 0, 0.999975681, 0, 1, 0), DesiredAngle = nil},
        ["Right Leg"] = {C0 = CFrame.new(1, -1, 0, 0, 0, 1, 0, 1, 0, -1, 0, 0), DesiredAngle = nil},
        ["Left Arm"] = {C0 = CFrame.new(-0.999992371, 0.500001431, 0, -3.27425078e-05, 0.684547544, -0.728968859, 0.00362561597, -0.728963435, -0.684543133, -0.999993443, -0.00266537303, -0.00245803781), DesiredAngle = nil},
    }
},

{
    Time = 0.065,
    Motors = {
        ["Left Leg"] = {C0 = CFrame.new(-1, -1, 0, 0, 0, -1, 0, 1, 0, 1, 0, 0), DesiredAngle = nil},
        ["Right Arm"] = {C0 = CFrame.new(1, 0.499996185, 3.81469727e-06, -2.81597022e-05, -0.687087357, 0.726574957, -0.00364888273, -0.726569891, -0.687082827, 0.999993324, -0.00267053442, -0.00248664105), DesiredAngle = nil},
        ["Head"] = {C0 = CFrame.new(0, 1, 0, -1, 0, 0, 0, 0, 1, 0, 1, 0), DesiredAngle = nil},
        ["Torso"] = {C0 = CFrame.new(0, 0, 0, -0.999975681, 0, -0.00697400933, -0.00697400933, 0, 0.999975681, 0, 1, 0), DesiredAngle = nil},
        ["Right Leg"] = {C0 = CFrame.new(1, -1, 0, 0, 0, 1, 0, 1, 0, -1, 0, 0), DesiredAngle = nil},
        ["Left Arm"] = {C0 = CFrame.new(-0.999992371, 0.500001431, 0, -3.27425078e-05, 0.684547544, -0.728968859, 0.00362561597, -0.728963435, -0.684543133, -0.999993443, -0.00266537303, -0.00245803781), DesiredAngle = nil},
    }
},

{
    Time = 0.067,
    Motors = {
        ["Left Leg"] = {C0 = CFrame.new(-1, -1, 0, 0, 0, -1, 0, 1, 0, 1, 0, 0), DesiredAngle = nil},
        ["Right Arm"] = {C0 = CFrame.new(1, 0.499996185, 3.81469727e-06, -2.81597022e-05, -0.687087357, 0.726574957, -0.00364888273, -0.726569891, -0.687082827, 0.999993324, -0.00267053442, -0.00248664105), DesiredAngle = nil},
        ["Head"] = {C0 = CFrame.new(0, 1, 0, -1, 0, 0, 0, 0, 1, 0, 1, 0), DesiredAngle = nil},
        ["Torso"] = {C0 = CFrame.new(0, 0, 0, -0.999975681, 0, -0.00697400887, -0.00697400887, 0, 0.999975681, 0, 1, 0), DesiredAngle = nil},
        ["Right Leg"] = {C0 = CFrame.new(1, -1, 0, 0, 0, 1, 0, 1, 0, -1, 0, 0), DesiredAngle = nil},
        ["Left Arm"] = {C0 = CFrame.new(-0.999992371, 0.500001431, 0, -3.27425078e-05, 0.684547544, -0.728968859, 0.00362561597, -0.728963435, -0.684543133, -0.999993443, -0.00266537303, -0.00245803781), DesiredAngle = nil},
    }
},

{
    Time = 0.051,
    Motors = {
        ["Left Leg"] = {C0 = CFrame.new(-1, -1, 0, 0, 0, -1, 0, 1, 0, 1, 0, 0), DesiredAngle = nil},
        ["Right Arm"] = {C0 = CFrame.new(1, 0.499996185, 3.81469727e-06, -2.81597022e-05, -0.687087357, 0.726574957, -0.00364888273, -0.726569891, -0.687082827, 0.999993324, -0.00267053442, -0.00248664105), DesiredAngle = nil},
        ["Head"] = {C0 = CFrame.new(0, 1, 0, -1, 0, 0, 0, 0, 1, 0, 1, 0), DesiredAngle = nil},
        ["Torso"] = {C0 = CFrame.new(0, 0, 0, -0.999975681, 0, -0.00697400887, -0.00697400887, 0, 0.999975681, 0, 1, 0), DesiredAngle = nil},
        ["Right Leg"] = {C0 = CFrame.new(1, -1, 0, 0, 0, 1, 0, 1, 0, -1, 0, 0), DesiredAngle = nil},
        ["Left Arm"] = {C0 = CFrame.new(-0.999992371, 0.500001431, 0, -3.27425078e-05, 0.684547544, -0.728968859, 0.00362561597, -0.728963435, -0.684543133, -0.999993443, -0.00266537303, -0.00245803781), DesiredAngle = nil},
    }
},

{
    Time = 0.050,
    Motors = {
        ["Left Leg"] = {C0 = CFrame.new(-1, -1, 0, 0, 0, -1, 0, 1, 0, 1, 0, 0), DesiredAngle = nil},
        ["Right Arm"] = {C0 = CFrame.new(1, 0.499996185, 3.81469727e-06, -2.81597022e-05, -0.687087357, 0.726574957, -0.00364888273, -0.726569891, -0.687082827, 0.999993324, -0.00267053442, -0.00248664105), DesiredAngle = nil},
        ["Head"] = {C0 = CFrame.new(0, 1, 0, -1, 0, 0, 0, 0, 1, 0, 1, 0), DesiredAngle = nil},
        ["Torso"] = {C0 = CFrame.new(0, 0, 0, -0.999975681, 0, -0.00697400887, -0.00697400887, 0, 0.999975681, 0, 1, 0), DesiredAngle = nil},
        ["Right Leg"] = {C0 = CFrame.new(1, -1, 0, 0, 0, 1, 0, 1, 0, -1, 0, 0), DesiredAngle = nil},
        ["Left Arm"] = {C0 = CFrame.new(-0.999992371, 0.500001431, 0, -3.27425078e-05, 0.684547544, -0.728968859, 0.00362561597, -0.728963435, -0.684543133, -0.999993443, -0.00266537303, -0.00245803781), DesiredAngle = nil},
    }
},

{
    Time = 0.065,
    Motors = {
        ["Left Leg"] = {C0 = CFrame.new(-1, -1, 0, 0, 0, -1, 0, 1, 0, 1, 0, 0), DesiredAngle = nil},
        ["Right Arm"] = {C0 = CFrame.new(1, 0.499996185, 3.81469727e-06, -2.81597022e-05, -0.687087357, 0.726574957, -0.00364888273, -0.726569891, -0.687082827, 0.999993324, -0.00267053442, -0.00248664105), DesiredAngle = nil},
        ["Head"] = {C0 = CFrame.new(0, 1, 0, -1, 0, 0, 0, 0, 1, 0, 1, 0), DesiredAngle = nil},
        ["Torso"] = {C0 = CFrame.new(0, 0, 0, -0.999975681, 0, -0.00697400887, -0.00697400887, 0, 0.999975681, 0, 1, 0), DesiredAngle = nil},
        ["Right Leg"] = {C0 = CFrame.new(1, -1, 0, 0, 0, 1, 0, 1, 0, -1, 0, 0), DesiredAngle = nil},
        ["Left Arm"] = {C0 = CFrame.new(-0.999992371, 0.500001431, 0, -3.27425078e-05, 0.684547544, -0.728968859, 0.00362561597, -0.728963435, -0.684543133, -0.999993443, -0.00266537303, -0.00245803781), DesiredAngle = nil},
    }
},

{
    Time = 0.067,
    Motors = {
        ["Left Leg"] = {C0 = CFrame.new(-1, -1, 0, 0, 0, -1, 0, 1, 0, 1, 0, 0), DesiredAngle = nil},
        ["Right Arm"] = {C0 = CFrame.new(1, 0.499996185, 3.81469727e-06, -2.81597022e-05, -0.687087357, 0.726574957, -0.00364888273, -0.726569891, -0.687082827, 0.999993324, -0.00267053442, -0.00248664105), DesiredAngle = nil},
        ["Head"] = {C0 = CFrame.new(0, 1, 0, -1, 0, 0, 0, 0, 1, 0, 1, 0), DesiredAngle = nil},
        ["Torso"] = {C0 = CFrame.new(0, 0, 0, -0.999975681, 0, -0.00697400887, -0.00697400887, 0, 0.999975681, 0, 1, 0), DesiredAngle = nil},
        ["Right Leg"] = {C0 = CFrame.new(1, -1, 0, 0, 0, 1, 0, 1, 0, -1, 0, 0), DesiredAngle = nil},
        ["Left Arm"] = {C0 = CFrame.new(-0.999992371, 0.500001431, 0, -3.27425078e-05, 0.684547544, -0.728968859, 0.00362561597, -0.728963435, -0.684543133, -0.999993443, -0.00266537303, -0.00245803781), DesiredAngle = nil},
    }
},

{
    Time = 0.066,
    Motors = {
        ["Left Leg"] = {C0 = CFrame.new(-1, -1, 0, 0, 0, -1, 0, 1, 0, 1, 0, 0), DesiredAngle = nil},
        ["Right Arm"] = {C0 = CFrame.new(1, 0.499996185, 3.81469727e-06, -2.81597022e-05, -0.687087357, 0.726574957, -0.00364888273, -0.726569891, -0.687082827, 0.999993324, -0.00267053442, -0.00248664105), DesiredAngle = nil},
        ["Head"] = {C0 = CFrame.new(0, 1, 0, -1, 0, 0, 0, 0, 1, 0, 1, 0), DesiredAngle = nil},
        ["Torso"] = {C0 = CFrame.new(0, 0, 0, -0.999975681, 0, -0.00697400793, -0.00697400793, 0, 0.999975681, 0, 1, 0), DesiredAngle = nil},
        ["Right Leg"] = {C0 = CFrame.new(1, -1, 0, 0, 0, 1, 0, 1, 0, -1, 0, 0), DesiredAngle = nil},
        ["Left Arm"] = {C0 = CFrame.new(-0.999992371, 0.500001431, 0, -3.27425078e-05, 0.684547544, -0.728968859, 0.00362561597, -0.728963435, -0.684543133, -0.999993443, -0.00266537303, -0.00245803781), DesiredAngle = nil},
    }
},

{
    Time = 0.051,
    Motors = {
        ["Left Leg"] = {C0 = CFrame.new(-1, -1, 0, 0, 0, -1, 0, 1, 0, 1, 0, 0), DesiredAngle = nil},
        ["Right Arm"] = {C0 = CFrame.new(1, 0.499996185, 3.81469727e-06, -2.81597022e-05, -0.687087357, 0.726574957, -0.00364888273, -0.726569891, -0.687082827, 0.999993324, -0.00267053442, -0.00248664105), DesiredAngle = nil},
        ["Head"] = {C0 = CFrame.new(0, 1, 0, -1, 0, 0, 0, 0, 1, 0, 1, 0), DesiredAngle = nil},
        ["Torso"] = {C0 = CFrame.new(0, 0, 0, -0.999975681, 0, -0.00697400793, -0.00697400793, 0, 0.999975681, 0, 1, 0), DesiredAngle = nil},
        ["Right Leg"] = {C0 = CFrame.new(1, -1, 0, 0, 0, 1, 0, 1, 0, -1, 0, 0), DesiredAngle = nil},
        ["Left Arm"] = {C0 = CFrame.new(-0.999992371, 0.500001431, 0, -3.27425078e-05, 0.684547544, -0.728968859, 0.00362561597, -0.728963435, -0.684543133, -0.999993443, -0.00266537303, -0.00245803781), DesiredAngle = nil},
    }
},

{
    Time = 0.066,
    Motors = {
        ["Left Leg"] = {C0 = CFrame.new(-1, -1, 0, 0, 0, -1, 0, 1, 0, 1, 0, 0), DesiredAngle = nil},
        ["Right Arm"] = {C0 = CFrame.new(1, 0.499996185, 3.81469727e-06, -2.81597022e-05, -0.687087357, 0.726574957, -0.00364888273, -0.726569891, -0.687082827, 0.999993324, -0.00267053442, -0.00248664105), DesiredAngle = nil},
        ["Head"] = {C0 = CFrame.new(0, 1, 0, -1, 0, 0, 0, 0, 1, 0, 1, 0), DesiredAngle = nil},
        ["Torso"] = {C0 = CFrame.new(0, 0, 0, -0.999975681, 0, -0.00697400887, -0.00697400887, 0, 0.999975681, 0, 1, 0), DesiredAngle = nil},
        ["Right Leg"] = {C0 = CFrame.new(1, -1, 0, 0, 0, 1, 0, 1, 0, -1, 0, 0), DesiredAngle = nil},
        ["Left Arm"] = {C0 = CFrame.new(-0.999992371, 0.500001431, 0, -3.27425078e-05, 0.684547544, -0.728968859, 0.00362561597, -0.728963435, -0.684543133, -0.999993443, -0.00266537303, -0.00245803781), DesiredAngle = nil},
    }
},

{
    Time = 0.051,
    Motors = {
        ["Left Leg"] = {C0 = CFrame.new(-1, -1, 0, 0, 0, -1, 0, 1, 0, 1, 0, 0), DesiredAngle = nil},
        ["Right Arm"] = {C0 = CFrame.new(1, 0.499996185, 3.81469727e-06, -2.81597022e-05, -0.687087357, 0.726574957, -0.00364888273, -0.726569891, -0.687082827, 0.999993324, -0.00267053442, -0.00248664105), DesiredAngle = nil},
        ["Head"] = {C0 = CFrame.new(0, 1, 0, -1, 0, 0, 0, 0, 1, 0, 1, 0), DesiredAngle = nil},
        ["Torso"] = {C0 = CFrame.new(0, 0, 0, -0.999975681, 0, -0.00697400887, -0.00697400887, 0, 0.999975681, 0, 1, 0), DesiredAngle = nil},
        ["Right Leg"] = {C0 = CFrame.new(1, -1, 0, 0, 0, 1, 0, 1, 0, -1, 0, 0), DesiredAngle = nil},
        ["Left Arm"] = {C0 = CFrame.new(-0.999992371, 0.500001431, 0, -3.27425078e-05, 0.684547544, -0.728968859, 0.00362561597, -0.728963435, -0.684543133, -0.999993443, -0.00266537303, -0.00245803781), DesiredAngle = nil},
    }
},

{
    Time = 0.067,
    Motors = {
        ["Left Leg"] = {C0 = CFrame.new(-1, -1, 0, 0, 0, -1, 0, 1, 0, 1, 0, 0), DesiredAngle = nil},
        ["Right Arm"] = {C0 = CFrame.new(1, 0.499996185, 3.81469727e-06, -2.80716922e-05, -0.687087357, 0.726574957, -0.00364866108, -0.726569891, -0.687082827, 0.999993324, -0.00267031277, -0.00248655281), DesiredAngle = nil},
        ["Head"] = {C0 = CFrame.new(0, 1, 0, -1, 0, 0, 0, 0, 1, 0, 1, 0), DesiredAngle = nil},
        ["Torso"] = {C0 = CFrame.new(0, 0, 0, -0.999975681, 0, -0.00697400793, -0.00697400793, 0, 0.999975681, 0, 1, 0), DesiredAngle = nil},
        ["Right Leg"] = {C0 = CFrame.new(1, -1, 0, 0, 0, 1, 0, 1, 0, -1, 0, 0), DesiredAngle = nil},
        ["Left Arm"] = {C0 = CFrame.new(-0.999992371, 0.500001431, 0, -3.27425078e-05, 0.684547544, -0.728968859, 0.00362561597, -0.728963435, -0.684543133, -0.999993443, -0.00266537303, -0.00245803781), DesiredAngle = nil},
    }
},

{
    Time = 0.066,
    Motors = {
        ["Left Leg"] = {C0 = CFrame.new(-1, -1, 0, 0, 0, -1, 0, 1, 0, 1, 0, 0), DesiredAngle = nil},
        ["Right Arm"] = {C0 = CFrame.new(1, 0.499996185, 3.81469727e-06, -2.80715758e-05, -0.687087357, 0.726574957, -0.00364866108, -0.726569951, -0.687082827, 0.999993324, -0.00267031277, -0.00248655258), DesiredAngle = nil},
        ["Head"] = {C0 = CFrame.new(0, 1, 0, -1, 0, 0, 0, 0, 1, 0, 1, 0), DesiredAngle = nil},
        ["Torso"] = {C0 = CFrame.new(0, 0, 0, -0.999975681, 0, -0.00697400887, -0.00697400887, 0, 0.999975681, 0, 1, 0), DesiredAngle = nil},
        ["Right Leg"] = {C0 = CFrame.new(1, -1, 0, 0, 0, 1, 0, 1, 0, -1, 0, 0), DesiredAngle = nil},
        ["Left Arm"] = {C0 = CFrame.new(-0.999992371, 0.500001431, 0, -3.27425078e-05, 0.684547544, -0.728968859, 0.00362561597, -0.728963435, -0.684543133, -0.999993443, -0.00266537303, -0.00245803781), DesiredAngle = nil},
    }
},

{
    Time = 0.066,
    Motors = {
        ["Left Leg"] = {C0 = CFrame.new(-1, -1, 0, 0, 0, -1, 0, 1, 0, 1, 0, 0), DesiredAngle = nil},
        ["Right Arm"] = {C0 = CFrame.new(1, 0.499996185, 3.81469727e-06, -2.81597022e-05, -0.687087357, 0.726574957, -0.00364888273, -0.726569891, -0.687082827, 0.999993324, -0.00267053442, -0.00248664105), DesiredAngle = nil},
        ["Head"] = {C0 = CFrame.new(0, 1, 0, -1, 0, 0, 0, 0, 1, 0, 1, 0), DesiredAngle = nil},
        ["Torso"] = {C0 = CFrame.new(0, 0, 0, -0.999975681, 0, -0.00697400887, -0.00697400887, 0, 0.999975681, 0, 1, 0), DesiredAngle = nil},
        ["Right Leg"] = {C0 = CFrame.new(1, -1, 0, 0, 0, 1, 0, 1, 0, -1, 0, 0), DesiredAngle = nil},
        ["Left Arm"] = {C0 = CFrame.new(-0.999992371, 0.500001431, 0, -3.27425078e-05, 0.684547544, -0.728968859, 0.00362561597, -0.728963435, -0.684543133, -0.999993443, -0.00266537303, -0.00245803781), DesiredAngle = nil},
    }
},

{
    Time = 0.051,
    Motors = {
        ["Left Leg"] = {C0 = CFrame.new(-1, -1, 0, 0, 0, -1, 0, 1, 0, 1, 0, 0), DesiredAngle = nil},
        ["Right Arm"] = {C0 = CFrame.new(1, 0.499996185, 3.81469727e-06, -2.81597022e-05, -0.687087357, 0.726574957, -0.00364888273, -0.726569891, -0.687082827, 0.999993324, -0.00267053442, -0.00248664105), DesiredAngle = nil},
        ["Head"] = {C0 = CFrame.new(0, 1, 0, -1, 0, 0, 0, 0, 1, 0, 1, 0), DesiredAngle = nil},
        ["Torso"] = {C0 = CFrame.new(0, 0, 0, -0.999975681, 0, -0.00697400887, -0.00697400887, 0, 0.999975681, 0, 1, 0), DesiredAngle = nil},
        ["Right Leg"] = {C0 = CFrame.new(1, -1, 0, 0, 0, 1, 0, 1, 0, -1, 0, 0), DesiredAngle = nil},
        ["Left Arm"] = {C0 = CFrame.new(-0.999992371, 0.500001431, 0, -3.27425078e-05, 0.684547544, -0.728968859, 0.00362561597, -0.728963435, -0.684543133, -0.999993443, -0.00266537303, -0.00245803781), DesiredAngle = nil},
    }
},

{
    Time = 0.067,
    Motors = {
        ["Left Leg"] = {C0 = CFrame.new(-1, -1, 0, 0, 0, -1, 0, 1, 0, 1, 0, 0), DesiredAngle = nil},
        ["Right Arm"] = {C0 = CFrame.new(1, 0.499996185, 3.81469727e-06, -2.81597022e-05, -0.687087357, 0.726574957, -0.00364888273, -0.726569891, -0.687082827, 0.999993324, -0.00267053442, -0.00248664105), DesiredAngle = nil},
        ["Head"] = {C0 = CFrame.new(0, 1, 0, -1, 0, 0, 0, 0, 1, 0, 1, 0), DesiredAngle = nil},
        ["Torso"] = {C0 = CFrame.new(0, 0, 0, -0.999975681, 0, -0.00697400887, -0.00697400887, 0, 0.999975681, 0, 1, 0), DesiredAngle = nil},
        ["Right Leg"] = {C0 = CFrame.new(1, -1, 0, 0, 0, 1, 0, 1, 0, -1, 0, 0), DesiredAngle = nil},
        ["Left Arm"] = {C0 = CFrame.new(-0.999992371, 0.500001431, 0, -3.27425078e-05, 0.684547544, -0.728968859, 0.00362561597, -0.728963435, -0.684543133, -0.999993443, -0.00266537303, -0.00245803781), DesiredAngle = nil},
    }
},

{
    Time = 0.066,
    Motors = {
        ["Left Leg"] = {C0 = CFrame.new(-1, -1, 0, 0, 0, -1, 0, 1, 0, 1, 0, 0), DesiredAngle = nil},
        ["Right Arm"] = {C0 = CFrame.new(1, 0.499996185, 3.81469727e-06, -2.81597022e-05, -0.687087357, 0.726574957, -0.00364888273, -0.726569891, -0.687082827, 0.999993324, -0.00267053442, -0.00248664105), DesiredAngle = nil},
        ["Head"] = {C0 = CFrame.new(0, 1, 0, -1, 0, 0, 0, 0, 1, 0, 1, 0), DesiredAngle = nil},
        ["Torso"] = {C0 = CFrame.new(0, 0, 0, -0.999975681, 0, -0.00697400887, -0.00697400887, 0, 0.999975681, 0, 1, 0), DesiredAngle = nil},
        ["Right Leg"] = {C0 = CFrame.new(1, -1, 0, 0, 0, 1, 0, 1, 0, -1, 0, 0), DesiredAngle = nil},
        ["Left Arm"] = {C0 = CFrame.new(-0.999992371, 0.500001431, 0, -3.27425078e-05, 0.684547544, -0.728968859, 0.00362561597, -0.728963435, -0.684543133, -0.999993443, -0.00266537303, -0.00245803781), DesiredAngle = nil},
    }
},

{
    Time = 0.067,
    Motors = {
        ["Left Leg"] = {C0 = CFrame.new(-1, -1, 0, 0, 0, -1, 0, 1, 0, 1, 0, 0), DesiredAngle = nil},
        ["Right Arm"] = {C0 = CFrame.new(1, 0.499996185, 3.81469727e-06, -2.80716922e-05, -0.687087357, 0.726574957, -0.00364866108, -0.726569891, -0.687082827, 0.999993324, -0.00267031277, -0.00248655281), DesiredAngle = nil},
        ["Head"] = {C0 = CFrame.new(0, 1, 0, -1, 0, 0, 0, 0, 1, 0, 1, 0), DesiredAngle = nil},
        ["Torso"] = {C0 = CFrame.new(0, 0, 0, -0.999975681, 0, -0.00697400887, -0.00697400887, 0, 0.999975681, 0, 1, 0), DesiredAngle = nil},
        ["Right Leg"] = {C0 = CFrame.new(1, -1, 0, 0, 0, 1, 0, 1, 0, -1, 0, 0), DesiredAngle = nil},
        ["Left Arm"] = {C0 = CFrame.new(-0.999992371, 0.500001431, 0, -3.27425078e-05, 0.684547544, -0.728968859, 0.00362561597, -0.728963435, -0.684543133, -0.999993443, -0.00266537303, -0.00245803781), DesiredAngle = nil},
    }
},

{
    Time = 0.051,
    Motors = {
        ["Left Leg"] = {C0 = CFrame.new(-1, -1, 0, 0, 0, -1, 0, 1, 0, 1, 0, 0), DesiredAngle = nil},
        ["Right Arm"] = {C0 = CFrame.new(1, 0.499996185, 3.81469727e-06, -2.81597022e-05, -0.687087357, 0.726574957, -0.00364888273, -0.726569891, -0.687082827, 0.999993324, -0.00267053442, -0.00248664105), DesiredAngle = nil},
        ["Head"] = {C0 = CFrame.new(0, 1, 0, -1, 0, 0, 0, 0, 1, 0, 1, 0), DesiredAngle = nil},
        ["Torso"] = {C0 = CFrame.new(0, 0, 0, -0.999975681, 0, -0.00697400887, -0.00697400887, 0, 0.999975681, 0, 1, 0), DesiredAngle = nil},
        ["Right Leg"] = {C0 = CFrame.new(1, -1, 0, 0, 0, 1, 0, 1, 0, -1, 0, 0), DesiredAngle = nil},
        ["Left Arm"] = {C0 = CFrame.new(-0.999992371, 0.500001431, 0, -3.27425078e-05, 0.684547544, -0.728968859, 0.00362561597, -0.728963435, -0.684543133, -0.999993443, -0.00266537303, -0.00245803781), DesiredAngle = nil},
    }
},

{
    Time = 0.066,
    Motors = {
        ["Left Leg"] = {C0 = CFrame.new(-1, -1, 0, 0, 0, -1, 0, 1, 0, 1, 0, 0), DesiredAngle = nil},
        ["Right Arm"] = {C0 = CFrame.new(1, 0.499996185, 3.81469727e-06, -2.81597022e-05, -0.687087357, 0.726574957, -0.00364888273, -0.726569891, -0.687082827, 0.999993324, -0.00267053442, -0.00248664105), DesiredAngle = nil},
        ["Head"] = {C0 = CFrame.new(0, 1, 0, -1, 0, 0, 0, 0, 1, 0, 1, 0), DesiredAngle = nil},
        ["Torso"] = {C0 = CFrame.new(0, 0, 0, -0.999975681, 0, -0.00697400887, -0.00697400887, 0, 0.999975681, 0, 1, 0), DesiredAngle = nil},
        ["Right Leg"] = {C0 = CFrame.new(1, -1, 0, 0, 0, 1, 0, 1, 0, -1, 0, 0), DesiredAngle = nil},
        ["Left Arm"] = {C0 = CFrame.new(-0.999992371, 0.500001431, 0, -3.27425078e-05, 0.684547544, -0.728968859, 0.00362561597, -0.728963435, -0.684543133, -0.999993443, -0.00266537303, -0.00245803781), DesiredAngle = nil},
    }
},

{
    Time = 0.067,
    Motors = {
        ["Left Leg"] = {C0 = CFrame.new(-1, -1, 0, 0, 0, -1, 0, 1, 0, 1, 0, 0), DesiredAngle = nil},
        ["Right Arm"] = {C0 = CFrame.new(1, 0.499996185, 3.81469727e-06, -2.81597022e-05, -0.687087357, 0.726574957, -0.00364888273, -0.726569891, -0.687082827, 0.999993324, -0.00267053442, -0.00248664105), DesiredAngle = nil},
        ["Head"] = {C0 = CFrame.new(0, 1, 0, -1, 0, 0, 0, 0, 1, 0, 1, 0), DesiredAngle = nil},
        ["Torso"] = {C0 = CFrame.new(0, 0, 0, -0.999975681, 0, -0.00697400887, -0.00697400887, 0, 0.999975681, 0, 1, 0), DesiredAngle = nil},
        ["Right Leg"] = {C0 = CFrame.new(1, -1, 0, 0, 0, 1, 0, 1, 0, -1, 0, 0), DesiredAngle = nil},
        ["Left Arm"] = {C0 = CFrame.new(-0.999992371, 0.500001431, 0, -3.27425078e-05, 0.684547544, -0.728968859, 0.00362561597, -0.728963435, -0.684543133, -0.999993443, -0.00266537303, -0.00245803781), DesiredAngle = nil},
    }
},

{
    Time = 0.066,
    Motors = {
        ["Left Leg"] = {C0 = CFrame.new(-1, -1, 0, 0, 0, -1, 0, 1, 0, 1, 0, 0), DesiredAngle = nil},
        ["Right Arm"] = {C0 = CFrame.new(0.999999225, 0.499996215, 3.560388e-06, 0.0872477442, -0.636348367, 0.766451955, 0.118307494, -0.757322073, -0.642235637, 0.989136577, 0.146710619, 0.00921014324), DesiredAngle = nil},
        ["Head"] = {C0 = CFrame.new(0, 1, 0, -1, 0, 0, 0, 0, 1, 0, 1, 0), DesiredAngle = nil},
        ["Torso"] = {C0 = CFrame.new(0, 0, 0, -0.999975681, 0, -0.00697400887, -0.00697400887, 0, 0.999975681, 0, 1, 0), DesiredAngle = nil},
        ["Right Leg"] = {C0 = CFrame.new(1, -1, 0, 0, 0, 1, 0, 1, 0, -1, 0, 0), DesiredAngle = nil},
        ["Left Arm"] = {C0 = CFrame.new(-0.999991596, 0.50000155, 0, 0.0869312882, 0.633190989, -0.769097805, -0.118378669, -0.759985209, -0.639068723, -0.989155889, 0.146599889, 0.00888982043), DesiredAngle = nil},
    }
},

{
    Time = 0.068,
    Motors = {
        ["Left Leg"] = {C0 = CFrame.new(-1, -1, 0, 0, 0, -1, 0, 1, 0, 1, 0, 0), DesiredAngle = nil},
        ["Right Arm"] = {C0 = CFrame.new(0.99999845, 0.499996245, 3.30607509e-06, 0.166722015, -0.566634595, 0.806925833, 0.238137841, -0.771012545, -0.590618432, 0.956814587, 0.290628612, 0.00639235973), DesiredAngle = nil},
        ["Head"] = {C0 = CFrame.new(0, 1, 0, -1, 0, 0, 0, 0, 1, 0, 1, 0), DesiredAngle = nil},
        ["Torso"] = {C0 = CFrame.new(0, 0, 0, -0.999975681, 0, -0.00697400887, -0.00697400887, 0, 0.999975681, 0, 1, 0), DesiredAngle = nil},
        ["Right Leg"] = {C0 = CFrame.new(1, -1, 0, 0, 0, 1, 0, 1, 0, -1, 0, 0), DesiredAngle = nil},
        ["Left Arm"] = {C0 = CFrame.new(-0.999990821, 0.500001669, 0, 0.165999472, 0.562834263, -0.809729576, -0.238245428, -0.773907363, -0.586776495, -0.956913412, 0.290318906, 0.00562445819), DesiredAngle = nil},
    }
},

{
    Time = 0.066,
    Motors = {
        ["Left Leg"] = {C0 = CFrame.new(-1, -1, 0, 0, 0, -1, 0, 1, 0, 1, 0, 0), DesiredAngle = nil},
        ["Right Arm"] = {C0 = CFrame.new(0.999997735, 0.499996275, 3.05176218e-06, 0.235789686, -0.479185164, 0.845449448, 0.353506386, -0.768085361, -0.533927023, 0.905227304, 0.424766243, -0.0117116049), DesiredAngle = nil},
        ["Head"] = {C0 = CFrame.new(0, 1, 0, -1, 0, 0, 0, 0, 1, 0, 1, 0), DesiredAngle = nil},
        ["Torso"] = {C0 = CFrame.new(0, 0, 0, -0.999975681, 0, -0.00697400887, -0.00697400887, 0, 0.999975681, 0, 1, 0), DesiredAngle = nil},
        ["Right Leg"] = {C0 = CFrame.new(1, -1, 0, 0, 0, 1, 0, 1, 0, -1, 0, 0), DesiredAngle = nil},
        ["Left Arm"] = {C0 = CFrame.new(-0.999990106, 0.500001788, 0, 0.234577075, 0.474741042, -0.848289192, -0.35364005, -0.771169603, -0.529373348, -0.905490041, 0.424167901, -0.0130112767), DesiredAngle = nil},
    }
},

{
    Time = 0.066,
    Motors = {
        ["Left Leg"] = {C0 = CFrame.new(-1, -1, 0, 0, 0, -1, 0, 1, 0, 1, 0, 0), DesiredAngle = nil},
        ["Right Arm"] = {C0 = CFrame.new(0.99999696, 0.499996305, 2.79744927e-06, 0.292264044, -0.375835031, 0.87939173, 0.462362856, -0.749398351, -0.47394374, 0.837139368, 0.545114756, -0.0452500731), DesiredAngle = nil},
        ["Head"] = {C0 = CFrame.new(0, 1, 0, -1, 0, 0, 0, 0, 1, 0, 1, 0), DesiredAngle = nil},
        ["Torso"] = {C0 = CFrame.new(0, 0, 0, -0.999975681, 0, -0.00697400887, -0.00697400887, 0, 0.999975681, 0, 1, 0), DesiredAngle = nil},
        ["Right Leg"] = {C0 = CFrame.new(1, -1, 0, 0, 0, 1, 0, 1, 0, -1, 0, 0), DesiredAngle = nil},
        ["Left Arm"] = {C0 = CFrame.new(-0.999989331, 0.500001848, 0, 0.290492475, 0.370773196, -0.882123172, -0.462510377, -0.752627552, -0.468653262, -0.83767432, 0.544131398, -0.0471461713), DesiredAngle = nil},
    }
},

{
    Time = 0.067,
    Motors = {
        ["Left Leg"] = {C0 = CFrame.new(-1, -1, 0, 0, 0, -1, 0, 1, 0, 1, 0, 0), DesiredAngle = nil},
        ["Right Arm"] = {C0 = CFrame.new(0.999996185, 0.499996334, 2.54313636e-06, 0.334449977, -0.258963376, 0.906134903, 0.562983215, -0.71618247, -0.412471265, 0.755773187, 0.648089945, -0.0937351212), DesiredAngle = nil},
        ["Head"] = {C0 = CFrame.new(0, 1, 0, -1, 0, 0, 0, 0, 1, 0, 1, 0), DesiredAngle = nil},
        ["Torso"] = {C0 = CFrame.new(0, 0, 0, -0.999975681, 0, -0.00697400887, -0.00697400887, 0, 0.999975681, 0, 1, 0), DesiredAngle = nil},
        ["Right Leg"] = {C0 = CFrame.new(1, -1, 0, 0, 0, 1, 0, 1, 0, -1, 0, 0), DesiredAngle = nil},
        ["Left Arm"] = {C0 = CFrame.new(-0.999988556, 0.500001967, 0, 0.332072824, 0.253338814, -0.908595979, -0.56313324, -0.719510436, -0.406430423, -0.756709039, 0.64662528, -0.0962663069), DesiredAngle = nil},
    }
},

{
    Time = 0.067,
    Motors = {
        ["Left Leg"] = {C0 = CFrame.new(-1, -1, 0, 0, 0, -1, 0, 1, 0, 1, 0, 0), DesiredAngle = nil},
        ["Right Arm"] = {C0 = CFrame.new(0.99999541, 0.499996364, 2.28882345e-06, 0.361204207, -0.131424248, 0.923178673, 0.654009402, -0.669986725, -0.351268321, 0.664682746, 0.730647266, -0.156049311), DesiredAngle = nil},
        ["Head"] = {C0 = CFrame.new(0, 1, 0, -1, 0, 0, 0, 0, 1, 0, 1, 0), DesiredAngle = nil},
        ["Torso"] = {C0 = CFrame.new(0, 0, 0, -0.999975681, 0, -0.00697400887, -0.00697400887, 0, 0.999975681, 0, 1, 0), DesiredAngle = nil},
        ["Right Leg"] = {C0 = CFrame.new(1, -1, 0, 0, 0, 1, 0, 1, 0, -1, 0, 0), DesiredAngle = nil},
        ["Left Arm"] = {C0 = CFrame.new(-0.999987781, 0.500002086, 0, 0.358202636, 0.125320673, -0.925194979, -0.65415138, -0.673367441, -0.344473988, -0.666165829, 0.728609025, -0.159223273), DesiredAngle = nil},
    }
},

{
    Time = 0.066,
    Motors = {
        ["Left Leg"] = {C0 = CFrame.new(-1, -1, 0, 0, 0, -1, 0, 1, 0, 1, 0, 0), DesiredAngle = nil},
        ["Right Arm"] = {C0 = CFrame.new(0.999994636, 0.499996394, 2.03451054e-06, 0.371972501, 0.00353892148, 0.928237259, 0.734464228, -0.612622559, -0.291986227, 0.567625642, 0.790367782, -0.230477989), DesiredAngle = nil},
        ["Head"] = {C0 = CFrame.new(0, 1, 0, -1, 0, 0, 0, 0, 1, 0, 1, 0), DesiredAngle = nil},
        ["Torso"] = {C0 = CFrame.new(0, 0, 0, -0.999975681, 0, -0.00697400887, -0.00697400887, 0, 0.999975681, 0, 1, 0), DesiredAngle = nil},
        ["Right Leg"] = {C0 = CFrame.new(1, -1, 0, 0, 0, 1, 0, 1, 0, -1, 0, 0), DesiredAngle = nil},
        ["Left Arm"] = {C0 = CFrame.new(-0.999987006, 0.500002205, 0, 0.368360907, -0.0100103319, -0.929629266, -0.734591544, -0.616008461, -0.284445018, -0.56981194, 0.787676036, -0.234266967), DesiredAngle = nil},
    }
},

{
    Time = 0.051,
    Motors = {
        ["Left Leg"] = {C0 = CFrame.new(-1, -1, 0, 0, 0, -1, 0, 1, 0, 1, 0, 0), DesiredAngle = nil},
        ["Right Arm"] = {C0 = CFrame.new(0.999994099, 0.499996424, 1.84377586e-06, 0.369567335, 0.107514963, 0.922962844, 0.787500501, -0.563470185, -0.249688283, 0.493216813, 0.819110394, -0.292908251), DesiredAngle = nil},
        ["Head"] = {C0 = CFrame.new(0, 1, 0, -1, 0, 0, 0, 0, 1, 0, 1, 0), DesiredAngle = nil},
        ["Torso"] = {C0 = CFrame.new(0, 0, 0, -0.999975681, 0, -0.00697400887, -0.00697400887, 0, 0.999975681, 0, 1, 0), DesiredAngle = nil},
        ["Right Leg"] = {C0 = CFrame.new(1, -1, 0, 0, 0, 1, 0, 1, 0, -1, 0, 0), DesiredAngle = nil},
        ["Left Arm"] = {C0 = CFrame.new(-0.99998647, 0.500002265, 0, 0.365529954, -0.114173815, -0.923770607, -0.787613869, -0.566829503, -0.241596088, -0.49603653, 0.815885186, -0.297118068), DesiredAngle = nil},
    }
},

{
    Time = 0.066,
    Motors = {
        ["Left Leg"] = {C0 = CFrame.new(-1, -1, 0, 0, 0, -1, 0, 1, 0, 1, 0, 0), DesiredAngle = nil},
        ["Right Arm"] = {C0 = CFrame.new(0.999993324, 0.499996454, 1.58946295e-06, 0.352853596, 0.246850923, 0.902529359, 0.848275304, -0.491459101, -0.19722335, 0.394871414, 0.835184216, -0.382810652), DesiredAngle = nil},
        ["Head"] = {C0 = CFrame.new(0, 1, 0, -1, 0, 0, 0, 0, 1, 0, 1, 0), DesiredAngle = nil},
        ["Torso"] = {C0 = CFrame.new(0, 0, 0, -0.999975681, 0, -0.00697400887, -0.00697400887, 0, 0.999975681, 0, 1, 0), DesiredAngle = nil},
        ["Right Leg"] = {C0 = CFrame.new(1, -1, 0, 0, 0, 1, 0, 1, 0, -1, 0, 0), DesiredAngle = nil},
        ["Left Arm"] = {C0 = CFrame.new(-0.999985695, 0.500002384, 0, 0.348321766, -0.25362432, -0.90241152, -0.848369777, -0.494740993, -0.18841438, -0.398673534, 0.831207573, -0.387496263), DesiredAngle = nil},
    }
},

{
    Time = 0.066,
    Motors = {
        ["Left Leg"] = {C0 = CFrame.new(-1, -1, 0, 0, 0, -1, 0, 1, 0, 1, 0, 0), DesiredAngle = nil},
        ["Right Arm"] = {C0 = CFrame.new(0.999992549, 0.499996483, 1.33515005e-06, 0.321739495, 0.383520216, 0.865676522, 0.897774816, -0.414039969, -0.150237292, 0.300805688, 0.825519919, -0.477527797), DesiredAngle = nil},
        ["Head"] = {C0 = CFrame.new(0, 1, 0, -1, 0, 0, 0, 0, 1, 0, 1, 0), DesiredAngle = nil},
        ["Torso"] = {C0 = CFrame.new(0, 0, 0, -0.999975681, 0, -0.00697400887, -0.00697400887, 0, 0.999975681, 0, 1, 0), DesiredAngle = nil},
        ["Right Leg"] = {C0 = CFrame.new(1, -1, 0, 0, 0, 1, 0, 1, 0, -1, 0, 0), DesiredAngle = nil},
        ["Left Arm"] = {C0 = CFrame.new(-0.99998492, 0.500002503, 0, 0.316833943, -0.390237153, -0.864483118, -0.897852719, -0.417197376, -0.140736461, -0.305739522, 0.820768654, -0.482557803), DesiredAngle = nil},
    }
},

{
    Time = 0.066,
    Motors = {
        ["Left Leg"] = {C0 = CFrame.new(-1, -1, 0, 0, 0, -1, 0, 1, 0, 1, 0, 0), DesiredAngle = nil},
        ["Right Arm"] = {C0 = CFrame.new(0.999991775, 0.499996513, 1.08083714e-06, 0.277864516, 0.513764203, 0.811688066, 0.936406851, -0.333380103, -0.10954392, 0.214320943, 0.790508628, -0.573726833), DesiredAngle = nil},
        ["Head"] = {C0 = CFrame.new(0, 1, 0, -1, 0, 0, 0, 0, 1, 0, 1, 0), DesiredAngle = nil},
        ["Torso"] = {C0 = CFrame.new(0, 0, 0, -0.999975681, 0, -0.00697400887, -0.00697400887, 0, 0.999975681, 0, 1, 0), DesiredAngle = nil},
        ["Right Leg"] = {C0 = CFrame.new(1, -1, 0, 0, 0, 1, 0, 1, 0, -1, 0, 0), DesiredAngle = nil},
        ["Left Arm"] = {C0 = CFrame.new(-0.999984145, 0.500002623, 0, 0.272745311, -0.520241499, -0.809295297, -0.93647325, -0.336365104, -0.0993798077, -0.220517173, 0.784988761, -0.578934252), DesiredAngle = nil},
    }
},

{
    Time = 0.051,
    Motors = {
        ["Left Leg"] = {C0 = CFrame.new(-1, -1, 0, 0, 0, -1, 0, 1, 0, 1, 0, 0), DesiredAngle = nil},
        ["Right Arm"] = {C0 = CFrame.new(0.999991238, 0.499996543, 8.90102456e-07, 0.237845644, 0.605043948, 0.759836435, 0.958663285, -0.272023141, -0.083475709, 0.156186596, 0.748281538, -0.644732893), DesiredAngle = nil},
        ["Head"] = {C0 = CFrame.new(0, 1, 0, -1, 0, 0, 0, 0, 1, 0, 1, 0), DesiredAngle = nil},
        ["Torso"] = {C0 = CFrame.new(0, 0, 0, -0.999975681, 0, -0.00697400887, -0.00697400887, 0, 0.999975681, 0, 1, 0), DesiredAngle = nil},
        ["Right Leg"] = {C0 = CFrame.new(1, -1, 0, 0, 0, 1, 0, 1, 0, -1, 0, 0), DesiredAngle = nil},
