
local keyFrames = {


{
    Time = 0.067,
    Motors = {
        ["Left Leg"] = {C0 = CFrame.new(-1.16120946, -1.58588958, -0.623182118, -0.00195731223, -0.25752452, -0.966269851, 0.986442149, 0.15806596, -0.0441249609, 0.164097622, -0.953255594, 0.253723681), DesiredAngle = nil},
        ["Right Arm"] = {C0 = CFrame.new(0.974984527, 0.148784608, -0.236514464, 0.497649193, -0.184229061, 0.847587705, -0.246139959, 0.907017469, 0.341664135, -0.831721306, -0.378654122, 0.406030416), DesiredAngle = nil},
        ["Head"] = {C0 = CFrame.new(0, 1.01666176, 0, -0.935784996, 0.352208793, -0.0159824099, -0.0132315196, 0.010216441, 0.999860287, 0.352322876, 0.9358657, -0.00490013696), DesiredAngle = nil},
        ["Torso"] = {C0 = CFrame.new(0.0776927173, -0.257018834, -0.381747633, -0.956209302, -0.289022446, 0.0461496599, -0.0298973061, 0.253306568, 0.966923952, -0.291152716, 0.923201919, -0.250855088), DesiredAngle = nil},
        ["Right Leg"] = {C0 = CFrame.new(0.749048829, -0.74531436, -0.504852891, -0.294132054, -0.00700085238, 0.955739141, 0.27766487, 0.9562186, 0.0924566984, -0.914542794, 0.292569667, -0.279310644), DesiredAngle = nil},
        ["Left Arm"] = {C0 = CFrame.new(-1.08700621, -0.278792799, 0.141592115, -0.709385276, -0.288515747, -0.643063843, -0.69134742, 0.462376773, 0.555199385, 0.137153998, 0.838430822, -0.527467966), DesiredAngle = nil},
    }
},

{
    Time = 0.066,
    Motors = {
        ["Left Leg"] = {C0 = CFrame.new(-0.955307782, -0.818304539, -1.36990476, -0.0133842602, 0.00764216436, -0.999881268, 0.771107972, 0.63668108, -0.00545573654, 0.636563718, -0.771089375, -0.014414439), DesiredAngle = nil},
        ["Right Arm"] = {C0 = CFrame.new(0.955035448, 0.00422102213, -0.437003553, 0.00467535108, -0.272805363, 0.962057889, 0.55689764, 0.799782276, 0.224083394, -0.830568016, 0.534720063, 0.155663908), DesiredAngle = nil},
        ["Head"] = {C0 = CFrame.new(0, 1.01666176, -5.0852492e-07, -0.99797374, 0.0548053421, 0.032324519, 0.0341008715, 0.0317928232, 0.998912573, 0.053718064, 0.997990787, -0.0335972942), DesiredAngle = nil},
        ["Torso"] = {C0 = CFrame.new(-0.0222029798, -0.0717398226, -0.367610991, -0.999789894, 0.0203593988, 0.00236923411, 0.00705977902, 0.233535066, 0.972322702, 0.0192426052, 0.972135186, -0.233629748), DesiredAngle = nil},
        ["Right Leg"] = {C0 = CFrame.new(1.01885712, -1.00119877, -0.100325264, 0.020509351, -0.0025028307, 0.999786556, -0.0927423462, 0.995680392, 0.00439505232, -0.995478868, -0.0928126946, 0.0201886408), DesiredAngle = nil},
        ["Left Arm"] = {C0 = CFrame.new(-1.07831037, -0.0951347351, 0.379860401, -0.439076036, 0.336891919, -0.832896233, -0.144533485, 0.888477206, 0.435566813, 0.886748195, 0.311628312, -0.341416866), DesiredAngle = nil},
    }
},

{
    Time = 0.068,
    Motors = {
        ["Left Leg"] = {C0 = CFrame.new(-0.756387949, -0.130405009, -0.998487353, -0.261971056, -0.0743294358, -0.962209046, -0.177335322, 0.983760238, -0.0277129188, 0.94864291, 0.163373679, -0.270897925), DesiredAngle = nil},
        ["Right Arm"] = {C0 = CFrame.new(0.953574002, -0.0838811994, -0.438099682, -0.430465192, 0.235823214, 0.871255934, 0.901008666, 0.169689611, 0.399235249, -0.0536941737, 0.956866086, -0.285524279), DesiredAngle = nil},
        ["Head"] = {C0 = CFrame.new(0, 1.01666176, 0, -0.976137936, -0.216514111, 0.0166250877, 0.0438322611, -0.121472351, 0.991626561, -0.212681651, 0.968693018, 0.128064066), DesiredAngle = nil},
        ["Torso"] = {C0 = CFrame.new(-0.101739101, -0.00887648668, -0.357008547, -0.962483466, 0.269967884, -0.0272554625, 0.0340523459, 0.219831139, 0.974943459, 0.26919499, 0.937438846, -0.220776886), DesiredAngle = nil},
        ["Right Leg"] = {C0 = CFrame.new(1.19175196, -1.31794226, -0.308536738, 0.136624366, 0.235615194, 0.962194979, -0.811761796, 0.583337069, -0.0275792703, -0.567782104, -0.777305186, 0.270961493), DesiredAngle = nil},
        ["Left Arm"] = {C0 = CFrame.new(-1.07039416, 0.36766392, 0.440219045, 0.32558161, 0.30065769, -0.896438241, 0.463254899, 0.77577889, 0.428441286, 0.824252069, -0.554772019, 0.113298208), DesiredAngle = nil},
    }
},

{
    Time = 0.066,
    Motors = {
        ["Left Leg"] = {C0 = CFrame.new(-0.809985042, -0.918433666, -0.589903235, -0.186785907, -0.316754699, -0.929934025, -0.877565861, 0.479279369, 0.0130148083, 0.441575736, 0.818509459, -0.367495745), DesiredAngle = nil},
        ["Right Arm"] = {C0 = CFrame.new(1.07867575, -0.218141615, -0.26486674, -0.498858839, 0.57696265, 0.646725893, 0.777618349, -0.031522125, 0.627946079, 0.382687509, 0.816162169, -0.432931513), DesiredAngle = nil},
        ["Head"] = {C0 = CFrame.new(0, 1.01666176, 0, -0.94743669, -0.316855967, -0.0443397462, 0.0291087031, -0.223378226, 0.974297106, -0.31861639, 0.921794116, 0.22085999), DesiredAngle = nil},
        ["Torso"] = {C0 = CFrame.new(-0.13074033, -0.151616693, -0.355188638, -0.939177334, 0.341756284, -0.0338906422, 0.0436874479, 0.216768295, 0.975245059, 0.340642512, 0.914447427, -0.218514323), DesiredAngle = nil},
        ["Right Leg"] = {C0 = CFrame.new(1.13379753, -1.45561266, -0.128264949, 0.0357880443, 0.312573761, 0.949218988, -0.972623944, 0.229126096, -0.0387797952, -0.22961241, -0.921845317, 0.312216699), DesiredAngle = nil},
        ["Left Arm"] = {C0 = CFrame.new(-0.992327273, 0.571855545, 0.193620265, 0.594751894, 0.0176972002, -0.803714633, 0.621814191, 0.623530328, 0.473874569, 0.50952667, -0.781598866, 0.359841436), DesiredAngle = nil},
    }
},

{
    Time = 0.068,
    Motors = {
        ["Left Leg"] = {C0 = CFrame.new(-0.628341913, -0.533825755, -0.925878882, -0.352607429, -0.166679844, -0.920807123, -0.506897628, 0.861158252, 0.0382253677, 0.786589265, 0.48023352, -0.38814044), DesiredAngle = nil},
        ["Right Arm"] = {C0 = CFrame.new(1.07286644, -0.297219098, -0.0903183967, -0.559695959, 0.553304851, 0.616923332, 0.776868343, 0.0911806226, 0.623026311, 0.288472027, 0.827973366, -0.480878383), DesiredAngle = nil},
        ["Head"] = {C0 = CFrame.new(0, 1.01666176, -1.27134868e-07, -0.913860977, -0.405473113, -0.0212072991, 0.0385981873, -0.138750523, 0.989574909, -0.404188514, 0.903515279, 0.1424492), DesiredAngle = nil},
        ["Torso"] = {C0 = CFrame.new(-0.135105133, -0.319260061, -0.382413983, -0.922016382, 0.382527798, -0.0596515164, 0.0432966873, 0.25499332, 0.96597302, 0.384722263, 0.888060212, -0.251670182), DesiredAngle = nil},
        ["Right Leg"] = {C0 = CFrame.new(1.07497871, -1.39573336, -0.164861366, 0.0106143802, 0.32814303, 0.944568396, -0.972747445, 0.222197667, -0.0662604272, -0.231623799, -0.918123245, 0.321558833), DesiredAngle = nil},
        ["Left Arm"] = {C0 = CFrame.new(-0.979320168, 0.406057447, 0.0611133762, 0.584498227, 0.00800943375, -0.811355472, 0.571821034, 0.705366671, 0.418901503, 0.575658262, -0.708797276, 0.407705605), DesiredAngle = nil},
    }
},

{
    Time = 0.065,
    Motors = {
        ["Left Leg"] = {C0 = CFrame.new(-0.752249956, -0.749574423, -0.493325591, -0.296051472, 0.000388465822, -0.955171943, -0.296104819, 0.950698674, 0.0921630785, 0.90811646, 0.310116023, -0.281340688), DesiredAngle = nil},
        ["Right Arm"] = {C0 = CFrame.new(1.08155, -0.263617218, 0.176448688, -0.711190104, 0.128502458, 0.691155314, 0.612514973, 0.595771015, 0.519501925, -0.345013022, 0.792807579, -0.502416134), DesiredAngle = nil},
        ["Head"] = {C0 = CFrame.new(0, 1.01666129, -5.0852492e-07, -0.939943194, -0.340885848, 0.0174235348, 0.012671276, 0.0161625352, 0.999789059, -0.341095537, 0.939965725, -0.010872406), DesiredAngle = nil},
        ["Torso"] = {C0 = CFrame.new(-0.0793363303, -0.257159412, -0.382240742, -0.95562017, 0.29090777, -0.0465059727, 0.0302568693, 0.253941566, 0.966746211, 0.293043762, 0.922435045, -0.251473635), DesiredAngle = nil},
        ["Right Leg"] = {C0 = CFrame.new(1.07418334, -1.52228069, -0.651885092, -0.00182815641, 0.210445583, 0.977603793, -0.980154455, 0.19341059, -0.0434677973, -0.198226541, -0.958282292, 0.2059156), DesiredAngle = nil},
        ["Left Arm"] = {C0 = CFrame.new(-0.97089237, 0.134558976, -0.276267231, 0.424314529, 0.233986616, -0.874761343, 0.0900711194, 0.95034039, 0.297893167, 0.901024103, -0.205191135, 0.382167786), DesiredAngle = nil},
    }
},

{
    Time = 0.051,
    Motors = {
        ["Left Leg"] = {C0 = CFrame.new(-0.984615207, -1.00459886, 0.0584452003, -0.0702408552, 0.0175449327, -0.997375727, -0.15384531, 0.987692177, 0.0282092653, 0.985595167, 0.155423015, -0.0666771233), DesiredAngle = nil},
        ["Right Arm"] = {C0 = CFrame.new(1.07930899, -0.11851716, 0.377863228, -0.478627205, -0.30807355, 0.822196305, 0.178399235, 0.88276732, 0.434621245, -0.859703302, 0.354700714, -0.367556334), DesiredAngle = nil},
        ["Head"] = {C0 = CFrame.new(0, 1.01666129, 0, -0.992059231, -0.124827825, -0.0153800854, -0.021653071, 0.049052868, 0.998561442, -0.12389382, 0.990965068, -0.0513662584), DesiredAngle = nil},
        ["Torso"] = {C0 = CFrame.new(-0.00447319448, -0.116497539, -0.373246849, -0.997551918, 0.0685082749, -0.014028145, 0.00289612077, 0.240904614, 0.970544457, 0.0698697791, 0.968127847, -0.24051328), DesiredAngle = nil},
        ["Right Leg"] = {C0 = CFrame.new(0.948176622, -1.1906426, -1.33839273, 0.0122293849, 0.00108999293, 0.9999246, -0.909783006, 0.414946824, 0.0106746024, -0.414903909, -0.909844995, 0.00606620125), DesiredAngle = nil},
        ["Left Arm"] = {C0 = CFrame.new(-0.961197853, -0.00152784586, -0.436468065, 0.0279948637, 0.291057795, -0.956295848, -0.524768472, 0.818519056, 0.233761892, 0.85078454, 0.495289773, 0.175652295), DesiredAngle = nil},
    }
},

{
    Time = 0.066,
    Motors = {
        ["Left Leg"] = {C0 = CFrame.new(-1.15886855, -1.2099998, -0.30072093, 0.151812941, -0.174669564, -0.972853184, 0.683618426, 0.729435384, -0.0242873579, 0.71387583, -0.661373258, 0.230145067), DesiredAngle = nil},
        ["Right Arm"] = {C0 = CFrame.new(1.07633734, 0.262780249, 0.465769798, 0.157044858, -0.384561509, 0.909642458, -0.352951348, 0.838386118, 0.415372223, -0.922367752, -0.386291623, -0.00406725705), DesiredAngle = nil},
        ["Head"] = {C0 = CFrame.new(0, 1.01666176, -5.45586623e-12, -0.979692996, 0.199207067, -0.0227617659, -0.0386804007, -0.0763864964, 0.996327698, 0.196736842, 0.976975739, 0.0825407356), DesiredAngle = nil},
        ["Torso"] = {C0 = CFrame.new(0.0862758607, -0.000915993762, -0.357924342, -0.973254681, -0.228603169, 0.0227139965, -0.029188741, 0.221124947, 0.974808574, -0.227866963, 0.948073983, -0.221883535), DesiredAngle = nil},
        ["Right Leg"] = {C0 = CFrame.new(0.685285151, -0.16627723, -1.27978957, -0.216371372, -0.0367377959, 0.975619674, -0.176342502, 0.98432672, -0.00204331055, -0.960253477, -0.172485337, -0.219458565), DesiredAngle = nil},
        ["Left Arm"] = {C0 = CFrame.new(-0.935184002, -0.0554319024, -0.451472104, -0.360649168, -0.0852989927, -0.928792834, -0.895091414, 0.311582446, 0.318947673, 0.262189627, 0.946382761, -0.188722372), DesiredAngle = nil},
    }
},

{
    Time = 0.066,
    Motors = {
        ["Left Leg"] = {C0 = CFrame.new(-1.14176905, -1.4534018, -0.148499995, 0.0455556512, -0.309665859, -0.949753582, 0.966210186, 0.255109966, -0.0368332118, 0.253697574, -0.915983617, 0.310824007), DesiredAngle = nil},
        ["Right Arm"] = {C0 = CFrame.new(1.0012666, 0.555633307, 0.22094965, 0.577056527, -0.0492830276, 0.815215826, -0.609329641, 0.638658762, 0.469927967, -0.543804228, -0.767910182, 0.338512629), DesiredAngle = nil},
        ["Head"] = {C0 = CFrame.new(0, 1.01666176, 0, -0.942914128, 0.330480516, 0.0411772244, -0.0325522684, -0.214506939, 0.976179838, 0.331441224, 0.919113398, 0.213019505), DesiredAngle = nil},
        ["Torso"] = {C0 = CFrame.new(0.128920406, -0.13589482, -0.355129927, -0.940436006, -0.338302404, 0.0336398147, -0.0431019627, 0.216795295, 0.975265086, -0.337227494, 0.915724456, -0.2184636), DesiredAngle = nil},
        ["Right Leg"] = {C0 = CFrame.new(0.781875849, -0.772793531, -0.659674525, -0.217024058, 0.290941179, 0.931801319, 0.817014217, 0.576525807, 0.0102775544, -0.534217358, 0.763525486, -0.362823099), DesiredAngle = nil},
        ["Left Arm"] = {C0 = CFrame.new(-1.06457269, -0.205768108, -0.28398788, -0.498905718, -0.549561799, -0.67013061, -0.793995261, -0.0200838447, 0.607592165, -0.34736827, 0.835211635, -0.426329494), DesiredAngle = nil},
    }
},




  }
return keyFrames
