local keyFrames = {


{
    Time = 0.051,
    Motors = {
        ["Left Leg"] = {C0 = CFrame.new(-1.00927842, -0.948149085, 0.162876219, 0.28443256, 0.206496462, -0.936192989, 0.180027694, 0.94765079, 0.26371944, 0.941641212, -0.243551075, 0.232367665), DesiredAngle = nil},
        ["Right Arm"] = {C0 = CFrame.new(0.656398892, 0.588250756, -0.331304461, -0.163340688, 0.0110252351, 0.98650825, 0.862208068, 0.48758921, 0.137310445, -0.479496837, 0.873003662, -0.0891492069), DesiredAngle = nil},
        ["Head"] = {C0 = CFrame.new(-3.99634973e-06, 0.966791093, 0.162276775, -1, -9.53265111e-09, -5.42819301e-09, -2.6434821e-09, -0.270840406, 0.962624252, -1.06465352e-08, 0.962624252, 0.270840406), DesiredAngle = nil},
        ["Torso"] = {C0 = CFrame.new(-7.99269947e-06, -2.49771858e-07, 0, -0.996205509, -0.0862138122, -0.0119060557, -8.52532685e-06, -0.136703968, 0.990611911, -0.087032035, 0.986853182, 0.136184514), DesiredAngle = nil},
        ["Right Leg"] = {C0 = CFrame.new(0.999988019, -1.00000083, -2.27065311e-06, 0.0455634296, -0.213490605, 0.975882053, -0.267543495, 0.938601196, 0.217826277, -0.962467909, -0.271015823, -0.0143521419), DesiredAngle = nil},
        ["Left Arm"] = {C0 = CFrame.new(-0.52881074, 0.567781508, -0.237605333, -0.335567057, -0.0638052151, -0.939852953, -0.850007355, 0.450569719, 0.272899866, 0.406056851, 0.890458167, -0.205431283), DesiredAngle = nil},
    }
},

{
    Time = 0.066,
    Motors = {
        ["Left Leg"] = {C0 = CFrame.new(-1.00116944, -0.929294229, 0.153763622, 0.299872637, 0.248081103, -0.921158075, 0.242237464, 0.914146185, 0.325050384, 0.922711968, -0.320612699, 0.214032888), DesiredAngle = nil},
        ["Right Arm"] = {C0 = CFrame.new(0.518735647, 0.622778296, -0.417790562, -0.231897026, 0.193106383, 0.953380108, 0.971580744, 0.0938229337, 0.217320293, -0.0474829823, 0.976681709, -0.209375709), DesiredAngle = nil},
        ["Head"] = {C0 = CFrame.new(-5.44956765e-06, 0.954715133, 0.221286505, -1, -1.25799522e-08, -8.01915956e-09, -2.86885182e-09, -0.365340948, 0.930873752, -1.46400749e-08, 0.930873752, 0.365340948), DesiredAngle = nil},
        ["Torso"] = {C0 = CFrame.new(-1.08991353e-05, -3.40597978e-07, 0, -0.996203542, -0.085535422, -0.0161938667, -9.492971e-06, -0.185912102, 0.982566357, -0.0870548636, 0.978836238, 0.185205489), DesiredAngle = nil},
        ["Right Leg"] = {C0 = CFrame.new(0.999983668, -1.00000119, -1.3623918e-06, 0.0704151019, -0.255090535, 0.964349806, -0.358877063, 0.895538509, 0.263093114, -0.930724978, -0.364608765, -0.0284867082), DesiredAngle = nil},
        ["Left Arm"] = {C0 = CFrame.new(-0.357471943, 0.592430532, -0.324010044, -0.408690244, -0.203539968, -0.889687598, -0.912608027, 0.0794900879, 0.40103364, -0.010905019, 0.975834489, -0.21823898), DesiredAngle = nil},
    }
},

{
    Time = 0.066,
    Motors = {
        ["Left Leg"] = {C0 = CFrame.new(-0.993060529, -0.910439372, 0.14465104, 0.318372548, 0.287457407, -0.903331101, 0.301775306, 0.872608364, 0.384039342, 0.898649275, -0.394870609, 0.19106698), DesiredAngle = nil},
        ["Right Arm"] = {C0 = CFrame.new(0.381072164, 0.657305837, -0.504276752, -0.212743536, 0.372071147, 0.903494835, 0.892242789, -0.302947193, 0.334851682, 0.398299932, 0.877374411, -0.267527789), DesiredAngle = nil},
        ["Head"] = {C0 = CFrame.new(-6.90278694e-06, 0.942639112, 0.280296296, -1, -1.53541375e-08, -1.09006679e-08, -2.69547407e-09, -0.456210703, 0.889871776, -1.86362161e-08, 0.889871776, 0.456210703), DesiredAngle = nil},
        ["Torso"] = {C0 = CFrame.new(-1.38055739e-05, -4.31424183e-07, 0, -0.996198416, -0.0846799165, -0.0204467829, -5.05521894e-06, -0.234658122, 0.972077966, -0.0871134847, 0.968382597, 0.233765602), DesiredAngle = nil},
        ["Right Leg"] = {C0 = CFrame.new(0.999979317, -1.00000155, -4.54129776e-07, 0.0992615446, -0.293534636, 0.950780988, -0.445217848, 0.841421545, 0.306252837, -0.889903426, -0.453703821, -0.0471660718), DesiredAngle = nil},
        ["Left Arm"] = {C0 = CFrame.new(-0.186133087, 0.617079556, -0.410414845, -0.413392872, -0.357569695, -0.837406993, -0.805277288, -0.285698235, 0.519523919, -0.425011635, 0.889112175, -0.169837087), DesiredAngle = nil},
    }
},

{
    Time = 0.050,
    Motors = {
        ["Left Leg"] = {C0 = CFrame.new(-0.97889173, -0.909204721, 0.152125359, 0.310179651, 0.306822926, -0.899804592, 0.211035237, 0.900650382, 0.379859179, 0.926958859, -0.307715088, 0.214612961), DesiredAngle = nil},
        ["Right Arm"] = {C0 = CFrame.new(0.289626956, 0.621685922, -0.551793933, -0.217540771, 0.468273699, 0.856385171, 0.849225581, -0.341698885, 0.40256393, 0.481135994, 0.81483835, -0.323336571), DesiredAngle = nil},
        ["Head"] = {C0 = CFrame.new(-7.62939453e-06, 0.93928355, 0.27914837, -1, -1.83355908e-08, -1.0977991e-08, -1.77198878e-09, -0.440782458, 0.897613943, -2.12971898e-08, 0.897613943, 0.440782458), DesiredAngle = nil},
        ["Torso"] = {C0 = CFrame.new(-0.00605073385, -0.0824984312, 0.0689595863, -0.996270597, -0.0857168585, -0.00987473689, -4.99822199e-05, -0.113871478, 0.993495464, -0.0862837583, 0.989790857, 0.113442518), DesiredAngle = nil},
        ["Right Leg"] = {C0 = CFrame.new(0.975025296, -0.964508235, 0.0206627287, 0.0633613765, -0.312382996, 0.94784081, -0.323725671, 0.89196074, 0.315606892, -0.944027066, -0.326837689, -0.0446105301), DesiredAngle = nil},
        ["Left Arm"] = {C0 = CFrame.new(-0.123059928, 0.570155561, -0.463472843, -0.408624738, -0.411749542, -0.814547837, -0.760552406, -0.339759707, 0.553284228, -0.50456506, 0.845591903, -0.174322873), DesiredAngle = nil},
    }
},

{
    Time = 0.067,
    Motors = {
        ["Left Leg"] = {C0 = CFrame.new(-0.93843478, -0.941975653, 0.200247511, 0.248208106, 0.293556273, -0.923156261, -0.293597728, 0.930951059, 0.217095628, 0.923143089, 0.217151716, 0.317257047), DesiredAngle = nil},
        ["Right Arm"] = {C0 = CFrame.new(0.199172735, 0.410152286, -0.56889081, -0.426926315, 0.49410519, 0.757359862, 0.904242396, 0.241525501, 0.352152079, -0.00892153755, 0.835179925, -0.549904466), DesiredAngle = nil},
        ["Head"] = {C0 = CFrame.new(-7.62939453e-06, 0.950013161, 0.156538039, -1, -2.42728113e-08, -4.0936925e-09, 5.1384963e-10, -0.186852992, 0.9823879, -2.46102339e-08, 0.9823879, 0.186852992), DesiredAngle = nil},
        ["Torso"] = {C0 = CFrame.new(-0.0301925018, -0.41248849, 0.344796449, -0.996295154, -0.0762863457, 0.0397036821, 0.000282043591, 0.458770216, 0.888554931, -0.0859994739, 0.885274112, -0.457049012), DesiredAngle = nil},
        ["Right Leg"] = {C0 = CFrame.new(0.875218689, -0.822535217, 0.103313193, -0.123546287, -0.239529788, 0.962996244, 0.385782152, 0.882502317, 0.269001603, -0.914280295, 0.4047409, -0.0166235752), DesiredAngle = nil},
        ["Left Arm"] = {C0 = CFrame.new(-0.213443637, 0.333162963, -0.502895772, -0.46094656, -0.327017188, -0.824977458, -0.886687636, 0.131754875, 0.443199277, -0.0362389795, 0.935788631, -0.35069412), DesiredAngle = nil},
    }
},

{
    Time = 0.066,
    Motors = {
        ["Left Leg"] = {C0 = CFrame.new(-0.928278148, -0.956382036, 0.216887757, 0.234339356, 0.275515169, -0.932296336, -0.452466905, 0.87970829, 0.146243364, 0.860441029, 0.387562633, 0.330811739), DesiredAngle = nil},
        ["Right Arm"] = {C0 = CFrame.new(0.20551765, 0.338349611, -0.552994907, -0.506299734, 0.429533184, 0.747771382, 0.824861109, 0.494133711, 0.274656355, -0.251525015, 0.755865872, -0.604484916), DesiredAngle = nil},
        ["Head"] = {C0 = CFrame.new(-7.27618044e-06, 0.956164658, 0.105440952, -1, -2.48726852e-08, -1.03562536e-09, 1.03562536e-09, -0.0831303075, 0.996538699, -2.48726852e-08, 0.996538699, 0.0831303075), DesiredAngle = nil},
        ["Torso"] = {C0 = CFrame.new(-0.0374286734, -0.51140815, 0.427482873, -0.996198952, -0.0684923604, 0.053819187, 1.68997794e-05, 0.617696285, 0.786416769, -0.0871074572, 0.783428431, -0.615347266), DesiredAngle = nil},
        ["Right Leg"] = {C0 = CFrame.new(0.845301151, -0.779976487, 0.128088742, -0.165629923, -0.184461772, 0.968783021, 0.595735013, 0.764145494, 0.247348666, -0.78591758, 0.618106306, -0.0166750178), DesiredAngle = nil},
        ["Left Arm"] = {C0 = CFrame.new(-0.282182634, 0.256129563, -0.493712127, -0.46252498, -0.265025139, -0.846068978, -0.86073494, 0.363069683, 0.35681355, 0.212617397, 0.893276095, -0.396045119), DesiredAngle = nil},
    }
},

{
    Time = 0.050,
    Motors = {
        ["Left Leg"] = {C0 = CFrame.new(-0.934295595, -0.958922863, 0.215201229, 0.238180116, 0.264892131, -0.934399486, -0.427915543, 0.892293155, 0.143878996, 0.871870697, 0.365574926, 0.325877964), DesiredAngle = nil},
        ["Right Arm"] = {C0 = CFrame.new(0.25383544, 0.34737584, -0.526226282, -0.493570179, 0.372061253, 0.786103606, 0.800493002, 0.547702312, 0.243378386, -0.33999911, 0.749394774, -0.568162024), DesiredAngle = nil},
        ["Head"] = {C0 = CFrame.new(-6.85232544e-06, 0.958718181, 0.0992987603, -1, -2.34269528e-08, -9.18564558e-10, 9.18564558e-10, -0.0782983303, 0.996929944, -2.34269528e-08, 0.996929944, 0.0782983303), DesiredAngle = nil},
        ["Torso"] = {C0 = CFrame.new(-0.0352483615, -0.481617391, 0.402580976, -0.996202409, -0.0704886019, 0.0511091799, 2.8764829e-05, 0.586738229, 0.809776664, -0.0870677382, 0.806702912, -0.584507942), DesiredAngle = nil},
        ["Right Leg"] = {C0 = CFrame.new(0.854312718, -0.792793393, 0.120626993, -0.15456453, -0.182071254, 0.97106123, 0.566722631, 0.788756073, 0.238095209, -0.809280694, 0.587123394, -0.0187298283), DesiredAngle = nil},
        ["Left Arm"] = {C0 = CFrame.new(-0.323996782, 0.270335406, -0.464951813, -0.448971123, -0.229928225, -0.863457084, -0.844714582, 0.424291909, 0.326241821, 0.291345626, 0.875847876, -0.384718508), DesiredAngle = nil},
    }
},

{
    Time = 0.067,
    Motors = {
        ["Left Leg"] = {C0 = CFrame.new(-0.942318916, -0.962310672, 0.212952524, 0.242885381, 0.250581503, -0.937131584, -0.394678503, 0.908013105, 0.14050281, 0.886135161, 0.335739583, 0.319442242), DesiredAngle = nil},
        ["Right Arm"] = {C0 = CFrame.new(0.31825912, 0.359410822, -0.490534931, -0.466695577, 0.295443058, 0.833611846, 0.759505033, 0.616822362, 0.206597075, -0.453152716, 0.729550242, -0.512258768), DesiredAngle = nil},
        ["Head"] = {C0 = CFrame.new(-6.2871859e-06, 0.962122858, 0.091109179, -1, -2.14984528e-08, -7.73361764e-10, 7.73361764e-10, -0.0718528479, 0.997415245, -2.14984528e-08, 0.997415245, 0.0718528479), DesiredAngle = nil},
        ["Torso"] = {C0 = CFrame.new(-0.0323412828, -0.441896439, 0.369378448, -0.996204197, -0.073017031, 0.0473890863, 3.23615968e-05, 0.544096231, 0.839022815, -0.0870471746, 0.835839629, -0.542028546), DesiredAngle = nil},
        ["Right Leg"] = {C0 = CFrame.new(0.86632812, -0.809882581, 0.110677987, -0.139964283, -0.178224951, 0.97398454, 0.526536226, 0.819659352, 0.22565043, -0.838552058, 0.544421196, -0.020881135), DesiredAngle = nil},
        ["Left Arm"] = {C0 = CFrame.new(-0.37974894, 0.28927654, -0.426604658, -0.425984234, -0.184677944, -0.885681391, -0.814822018, 0.50376159, 0.286861241, 0.393195331, 0.843871057, -0.365074128), DesiredAngle = nil},
    }
},

{
    Time = 0.067,
    Motors = {
        ["Left Leg"] = {C0 = CFrame.new(-0.950342178, -0.965698481, 0.21070385, 0.247111022, 0.236118853, -0.939778745, -0.360909134, 0.922501445, 0.136878371, 0.899266779, 0.305350572, 0.313177705), DesiredAngle = nil},
        ["Right Arm"] = {C0 = CFrame.new(0.3826828, 0.371445775, -0.454843521, -0.42886588, 0.219940901, 0.87618494, 0.709550798, 0.682313442, 0.17602843, -0.55911696, 0.697190344, -0.448680192), DesiredAngle = nil},
        ["Head"] = {C0 = CFrame.new(-5.7220459e-06, 0.965527534, 0.0829195976, -1, -1.9569061e-08, -6.40642817e-10, 6.40642817e-10, -0.065404363, 0.997858822, -1.9569061e-08, 0.997858822, 0.065404363), DesiredAngle = nil},
        ["Torso"] = {C0 = CFrame.new(-0.0294342041, -0.402175426, 0.336175919, -0.996202648, -0.0753878802, 0.0435534865, 2.46260315e-05, 0.499999404, 0.866025686, -0.0870645642, 0.862738192, -0.49809891), DesiredAngle = nil},
        ["Right Leg"] = {C0 = CFrame.new(0.878343582, -0.826971769, 0.100728989, -0.125574768, -0.173636436, 0.976770878, 0.484736383, 0.848299384, 0.213116854, -0.865599036, 0.500238478, -0.0223570988), DesiredAngle = nil},
        ["Left Arm"] = {C0 = CFrame.new(-0.435501099, 0.308217645, -0.388257504, -0.397606701, -0.141680017, -0.90655154, -0.775524974, 0.579920113, 0.249506906, 0.490377337, 0.802258968, -0.340456516), DesiredAngle = nil},
    }
},

{
    Time = 0.066,
    Motors = {
        ["Left Leg"] = {C0 = CFrame.new(-0.95836544, -0.969086289, 0.208455145, 0.250852585, 0.221521199, -0.942338228, -0.326652825, 0.935737789, 0.133013904, 0.911246896, 0.2744506, 0.307092786), DesiredAngle = nil},
        ["Right Arm"] = {C0 = CFrame.new(0.447106481, 0.383480728, -0.419152111, -0.380646169, 0.146744713, 0.913002968, 0.651580751, 0.743151784, 0.152209952, -0.656163812, 0.652833283, -0.378493905), DesiredAngle = nil},
        ["Head"] = {C0 = CFrame.new(-5.15690635e-06, 0.968932211, 0.0747300163, -1, -1.76388486e-08, -5.2038962e-10, 5.2038962e-10, -0.0589531474, 0.998260736, -1.76388486e-08, 0.998260736, 0.0589531474), DesiredAngle = nil},
        ["Torso"] = {C0 = CFrame.new(-0.0265271254, -0.362454414, 0.30297336, -0.99619776, -0.077595748, 0.0396097079, 8.53650272e-06, 0.454565942, 0.890713096, -0.0871207789, 0.887326777, -0.452836931), DesiredAngle = nil},
        ["Right Leg"] = {C0 = CFrame.new(0.890359044, -0.844060957, 0.09077999, -0.111433789, -0.168319479, 0.979413629, 0.441441447, 0.874595225, 0.20053111, -0.890343726, 0.454699725, -0.0231562667), DesiredAngle = nil},
        ["Left Arm"] = {C0 = CFrame.new(-0.491253257, 0.327158749, -0.349910378, -0.364145577, -0.101440996, -0.925801098, -0.727305412, 0.651885629, 0.214643449, 0.581742823, 0.751501679, -0.311159849), DesiredAngle = nil},
    }
},

}
return keyFrames
