local keyFrames = {

{
    Time = 0.068,
    Motors = {
        ["Left Leg"] = {C0 = CFrame.new(-1.19211793, -0.862648726, -0.147731423, 0.640607238, -0.0109507889, -0.767790616, 0.409580767, 0.850650549, 0.329601705, 0.649512112, -0.52561748, 0.549418092), DesiredAngle = nil},
        ["Right Arm"] = {C0 = CFrame.new(1.11358654, 0.36400798, -0.0336779244, 0.0600959174, 0.399675697, 0.914684534, 0.503695607, 0.778979659, -0.373472244, -0.861788392, 0.483166724, -0.154501364), DesiredAngle = nil},
        ["Head"] = {C0 = CFrame.new(-0.0311382152, 1.07332718, -0.0235852823, -0.936901391, 0.349538177, -0.00623352639, 0.0578334555, 0.172552541, 0.983301044, 0.344776839, 0.920895636, -0.181879714), DesiredAngle = nil},
        ["Torso"] = {C0 = CFrame.new(-0.128900602, -0.15236333, 0.222695157, -0.934945524, -0.350220859, -0.0567643642, -0.000279834494, -0.159265712, 0.987235725, -0.354791164, 0.923027515, 0.148806766), DesiredAngle = nil},
        ["Right Leg"] = {C0 = CFrame.new(0.782191157, -1.05424261, -1.00776756, -0.346367568, -0.126840845, 0.929484248, -0.27528584, 0.960938454, 0.0285493247, -0.896798313, -0.24598527, -0.367755383), DesiredAngle = nil},
        ["Left Arm"] = {C0 = CFrame.new(-1.03541863, 0.397115767, 0.0178156905, 0.591311514, -0.0209833309, -0.806170166, 0.282520086, 0.941699803, 0.182712525, 0.755336404, -0.335799307, 0.562766135), DesiredAngle = nil},
    }
},

{
    Time = 0.066,
    Motors = {
        ["Left Leg"] = {C0 = CFrame.new(-1.19430423, -0.862028956, -0.150821358, 0.640677869, -0.0120688379, -0.767714977, 0.410396814, 0.850444794, 0.329117268, 0.648927093, -0.525925934, 0.549814165), DesiredAngle = nil},
        ["Right Arm"] = {C0 = CFrame.new(1.11352885, 0.363704741, -0.0337068066, 0.059688285, 0.398703575, 0.915135384, 0.503990769, 0.779303491, -0.372396767, -0.861644149, 0.483447492, -0.154427662), DesiredAngle = nil},
        ["Head"] = {C0 = CFrame.new(-0.0311382171, 1.07332718, -0.0235852841, -0.936637759, 0.350268155, -0.00468339585, 0.059829846, 0.173133239, 0.983079493, 0.345152289, 0.92050916, -0.18311961), DesiredAngle = nil},
        ["Torso"] = {C0 = CFrame.new(-0.129682481, -0.153891832, 0.221561134, -0.934937954, -0.350237399, -0.0567869619, -0.000767966732, -0.158050492, 0.987430751, -0.354810387, 0.923230112, 0.147498444), DesiredAngle = nil},
        ["Right Leg"] = {C0 = CFrame.new(0.780759096, -1.05249631, -1.01119053, -0.346178472, -0.127478346, 0.92946744, -0.275721699, 0.960797429, 0.0290832669, -0.896737456, -0.246206358, -0.367755949), DesiredAngle = nil},
        ["Left Arm"] = {C0 = CFrame.new(-1.03543246, 0.397060275, 0.0196749642, 0.591320634, -0.0185069963, -0.806224167, 0.276940882, 0.943597317, 0.181460321, 0.757392704, -0.330577672, 0.563093901), DesiredAngle = nil},
    }
},

{
    Time = 0.051,
    Motors = {
        ["Left Leg"] = {C0 = CFrame.new(-1.19647312, -0.861400664, -0.153885469, 0.64081496, -0.0132120252, -0.767581582, 0.411196977, 0.850237787, 0.32865274, 0.648284733, -0.526232839, 0.550277889), DesiredAngle = nil},
        ["Right Arm"] = {C0 = CFrame.new(1.11347592, 0.363401502, -0.0337356851, 0.0591576621, 0.397678465, 0.915615797, 0.504230082, 0.779706597, -0.371227294, -0.861540735, 0.483641952, -0.154395819), DesiredAngle = nil},
        ["Head"] = {C0 = CFrame.new(-0.0311382171, 1.07332718, -0.0235852841, -0.936339796, 0.351081103, -0.00314239971, 0.0618340299, 0.173709676, 0.98285377, 0.345607251, 0.920090735, -0.184360042), DesiredAngle = nil},
        ["Torso"] = {C0 = CFrame.new(-0.130471364, -0.155427366, 0.220420048, -0.934961379, -0.350169837, -0.0568185598, -0.00124738179, -0.156919152, 0.987610698, -0.354747415, 0.923448682, 0.146276534), DesiredAngle = nil},
        ["Right Leg"] = {C0 = CFrame.new(0.779327035, -1.05071497, -1.01461351, -0.345983416, -0.128131092, 0.929450333, -0.276239812, 0.960632801, 0.0296008661, -0.896653235, -0.246509776, -0.367757946), DesiredAngle = nil},
        ["Left Arm"] = {C0 = CFrame.new(-1.03545105, 0.397000134, 0.0215527322, 0.591405153, -0.0159389302, -0.806217074, 0.271238089, 0.945478916, 0.180276126, 0.759387851, -0.325293005, 0.563484311), DesiredAngle = nil},
    }
},

{
    Time = 0.067,
    Motors = {
        ["Left Leg"] = {C0 = CFrame.new(-1.19998479, -0.86032474, -0.158860341, 0.64089781, -0.0149666667, -0.767480254, 0.412451386, 0.849940062, 0.327850044, 0.647405446, -0.526666701, 0.550897777), DesiredAngle = nil},
        ["Right Arm"] = {C0 = CFrame.new(1.11338449, 0.362896115, -0.0337838195, 0.0583970323, 0.396048635, 0.916370749, 0.504657567, 0.780298054, -0.369399041, -0.861342311, 0.48402524, -0.154301882), DesiredAngle = nil},
        ["Head"] = {C0 = CFrame.new(-0.0311382171, 1.07332718, -0.0235852841, -0.935875893, 0.352329373, -0.000575955957, 0.0651746243, 0.174726307, 0.982457638, 0.346249342, 0.919420838, -0.186485082), DesiredAngle = nil},
        ["Torso"] = {C0 = CFrame.new(-0.131760374, -0.157934949, 0.218560502, -0.934951067, -0.350204855, -0.0567717254, -0.00197626837, -0.154877543, 0.987931728, -0.354771167, 0.923779964, 0.144110829), DesiredAngle = nil},
        ["Right Leg"] = {C0 = CFrame.new(0.777021825, -1.04781592, -1.02006221, -0.345639884, -0.129207313, 0.929429114, -0.27691552, 0.960409045, 0.0305336043, -0.896577299, -0.246819705, -0.367735207), DesiredAngle = nil},
        ["Left Arm"] = {C0 = CFrame.new(-1.03547871, 0.396898389, 0.0246515181, 0.591337621, -0.0117522329, -0.806338429, 0.261820734, 0.94852519, 0.178184688, 0.762738287, -0.316483438, 0.563975632), DesiredAngle = nil},
    }
},

{
    Time = 0.067,
    Motors = {
        ["Left Leg"] = {C0 = CFrame.new(-1.20409036, -0.858999252, -0.164695933, 0.641052544, -0.0170648992, -0.767307281, 0.413909286, 0.849593937, 0.326908648, 0.646320939, -0.527161241, 0.551697671), DesiredAngle = nil},
        ["Right Arm"] = {C0 = CFrame.new(1.11327374, 0.362289667, -0.0338415764, 0.0574387535, 0.394051552, 0.91729176, 0.5051139, 0.7810601, -0.367158055, -0.861139178, 0.484425932, -0.154177845), DesiredAngle = nil},
        ["Head"] = {C0 = CFrame.new(-0.0311382171, 1.07332718, -0.0235852841, -0.935287237, 0.353880852, 0.00249170139, 0.0691915601, 0.17595537, 0.981963456, 0.347059637, 0.918590248, -0.189054385), DesiredAngle = nil},
        ["Torso"] = {C0 = CFrame.new(-0.133295909, -0.160935596, 0.216341719, -0.934938014, -0.350241065, -0.0567633435, -0.00283664279, -0.152598381, 0.98828423, -0.354799688, 0.92414552, 0.141676515), DesiredAngle = nil},
        ["Right Leg"] = {C0 = CFrame.new(0.774332404, -1.04432321, -1.02645397, -0.345265359, -0.130466342, 0.929392457, -0.277703971, 0.960146248, 0.0316176564, -0.896477759, -0.247179493, -0.36773625), DesiredAngle = nil},
        ["Left Arm"] = {C0 = CFrame.new(-1.03551114, 0.396773517, 0.0283793118, 0.591273069, -0.00675556809, -0.806443095, 0.250427812, 0.952070534, 0.175634742, 0.766604245, -0.305803865, 0.564625502), DesiredAngle = nil},
    }
},

{
    Time = 0.066,
    Motors = {
        ["Left Leg"] = {C0 = CFrame.new(-1.20866942, -0.8574242, -0.171202868, 0.64123112, -0.0193738788, -0.767103195, 0.41548425, 0.849227786, 0.325860381, 0.645132184, -0.527671099, 0.552600801), DesiredAngle = nil},
        ["Right Arm"] = {C0 = CFrame.new(1.1131438, 0.361591756, -0.0339089632, 0.0563997775, 0.391659051, 0.918380201, 0.505731821, 0.781898975, -0.364512414, -0.860845149, 0.485012531, -0.153975546), DesiredAngle = nil},
        ["Head"] = {C0 = CFrame.new(-0.0311382171, 1.07332718, -0.0235852841, -0.934600651, 0.355648428, 0.00598200783, 0.0737929642, 0.177412301, 0.981366098, 0.347960025, 0.917626858, -0.192054003), DesiredAngle = nil},
        ["Torso"] = {C0 = CFrame.new(-0.135042772, -0.164358854, 0.213812992, -0.934953213, -0.350201666, -0.0567564145, -0.00386638008, -0.149912804, 0.988691688, -0.354749978, 0.924599886, 0.138807446), DesiredAngle = nil},
        ["Right Leg"] = {C0 = CFrame.new(0.771223843, -1.04020166, -1.03375387, -0.344765961, -0.131980821, 0.929364026, -0.278618693, 0.959836423, 0.0329491757, -0.896386147, -0.247578442, -0.367691278), DesiredAngle = nil},
        ["Left Arm"] = {C0 = CFrame.new(-1.03554809, 0.39662087, 0.0326806121, 0.591202497, -0.000951334834, -0.806522548, 0.2372531, 0.955958247, 0.172785237, 0.770837545, -0.293501049, 0.565390587), DesiredAngle = nil},
    }
},

{
    Time = 0.067,
    Motors = {
        ["Left Leg"] = {C0 = CFrame.new(-1.21370447, -0.85559088, -0.178372547, 0.641344905, -0.0219457448, -0.766938746, 0.4172225, 0.848854899, 0.324608415, 0.643895984, -0.528170049, 0.553565025), DesiredAngle = nil},
        ["Right Arm"] = {C0 = CFrame.new(1.11300421, 0.36080718, -0.0339859724, 0.0551091917, 0.38907814, 0.919554889, 0.506313026, 0.782878399, -0.361591637, -0.86058706, 0.485509664, -0.153851524), DesiredAngle = nil},
        ["Head"] = {C0 = CFrame.new(-0.0311382171, 1.07332718, -0.0235852841, -0.933777988, 0.357715905, 0.00989975408, 0.078971535, 0.179006517, 0.980673313, 0.349030316, 0.916512966, -0.195401728), DesiredAngle = nil},
        ["Torso"] = {C0 = CFrame.new(-0.136972755, -0.168148398, 0.211009577, -0.934965372, -0.350166529, -0.0567728281, -0.00504299253, -0.146904796, 0.989137769, -0.354703158, 0.925095916, 0.13558501), DesiredAngle = nil},
        ["Right Leg"] = {C0 = CFrame.new(0.767905712, -1.03562617, -1.04150784, -0.344271302, -0.133479699, 0.929333329, -0.279450595, 0.959547341, 0.0342969187, -0.896317303, -0.2478953, -0.367645562), DesiredAngle = nil},
        ["Left Arm"] = {C0 = CFrame.new(-1.03558981, 0.396445125, 0.0374906696, 0.590938807, 0.00546815246, -0.806697845, 0.2225108, 0.960081577, 0.169506013, 0.775422633, -0.279666662, 0.566132784), DesiredAngle = nil},
    }
},

{
    Time = 0.051,
    Motors = {
        ["Left Leg"] = {C0 = CFrame.new(-1.21762073, -0.854076028, -0.183967128, 0.641491532, -0.0239836127, -0.766755104, 0.418537408, 0.848585665, 0.323618352, 0.642895877, -0.528514147, 0.554398537), DesiredAngle = nil},
        ["Right Arm"] = {C0 = CFrame.new(1.11288869, 0.360176682, -0.034043733, 0.0541422218, 0.386995912, 0.920490503, 0.506841123, 0.783609807, -0.359259903, -0.860337496, 0.485993564, -0.153719053), DesiredAngle = nil},
        ["Head"] = {C0 = CFrame.new(-0.0311382171, 1.07332718, -0.0235852841, -0.933102906, 0.359374583, 0.0129954405, 0.0831136256, 0.180360496, 0.98008275, 0.349872947, 0.915598214, -0.198163837), DesiredAngle = nil},
        ["Torso"] = {C0 = CFrame.new(-0.138529435, -0.171205387, 0.208762646, -0.934951663, -0.350206941, -0.0567493364, -0.00591887534, -0.144539028, 0.98948139, -0.354725748, 0.925453186, 0.133064181), DesiredAngle = nil},
        ["Right Leg"] = {C0 = CFrame.new(0.765321076, -1.03192389, -1.04758513, -0.343905747, -0.134707242, 0.929291546, -0.280072868, 0.959325314, 0.0354134366, -0.896263361, -0.248090491, -0.367645323), DesiredAngle = nil},
        ["Left Arm"] = {C0 = CFrame.new(-1.03562212, 0.396297127, 0.0413988344, 0.590597332, 0.0107407421, -0.806894958, 0.210432366, 0.963265657, 0.166845739, 0.779046237, -0.268335462, 0.566641867), DesiredAngle = nil},
    }
},

{
    Time = 0.066,
    Motors = {
        ["Left Leg"] = {C0 = CFrame.new(-1.22301733, -0.851855457, -0.191696256, 0.641624331, -0.026735872, -0.766552925, 0.420321465, 0.848230124, 0.322235197, 0.641598105, -0.528952599, 0.555482745), DesiredAngle = nil},
        ["Right Arm"] = {C0 = CFrame.new(1.11272025, 0.359271795, -0.0341303721, 0.0527448691, 0.383938074, 0.921851158, 0.507581949, 0.784684539, -0.355852067, -0.859987497, 0.486684352, -0.153491974), DesiredAngle = nil},
        ["Head"] = {C0 = CFrame.new(-0.0311382171, 1.07332718, -0.0235852841, -0.932104051, 0.361769885, 0.0174509212, 0.0890858024, 0.182296246, 0.979199588, 0.351063699, 0.91427052, -0.202147633), DesiredAngle = nil},
        ["Torso"] = {C0 = CFrame.new(-0.140705928, -0.175502062, 0.205607027, -0.934960425, -0.350177169, -0.0567893013, -0.00724227168, -0.141207218, 0.989953578, -0.354678214, 0.925978661, 0.129487097), DesiredAngle = nil},
        ["Right Leg"] = {C0 = CFrame.new(0.761723518, -1.0266149, -1.05593288, -0.343377799, -0.136441574, 0.929233789, -0.28086701, 0.959032118, 0.0370287411, -0.896217287, -0.248276263, -0.3676323), DesiredAngle = nil},
        ["Left Arm"] = {C0 = CFrame.new(-1.03567302, 0.39607513, 0.0469627678, 0.590143919, 0.018178463, -0.807093382, 0.193199679, 0.96751523, 0.163058639, 0.783839345, -0.252158225, 0.567461133), DesiredAngle = nil},
    }
},

{
    Time = 0.067,
    Motors = {
        ["Left Leg"] = {C0 = CFrame.new(-1.22853446, -0.849428236, -0.199606121, 0.641752243, -0.0294885635, -0.766344845, 0.42210564, 0.847867608, 0.320854068, 0.640297472, -0.529387355, 0.556568265), DesiredAngle = nil},
        ["Right Arm"] = {C0 = CFrame.new(1.11254692, 0.358313978, -0.0342266336, 0.051217299, 0.380743414, 0.923261225, 0.508339822, 0.785813391, -0.352261156, -0.859632134, 0.487372279, -0.153299809), DesiredAngle = nil},
        ["Head"] = {C0 = CFrame.new(-0.0311382171, 1.07332718, -0.0235852841, -0.931025565, 0.364284843, 0.0220907815, 0.0953667462, 0.184414625, 0.978210866, 0.352273494, 0.912846029, -0.206435382), DesiredAngle = nil},
        ["Torso"] = {C0 = CFrame.new(-0.142988116, -0.180003017, 0.202296466, -0.934937596, -0.350235492, -0.0568043515, -0.00859055482, -0.137705714, 0.990435958, -0.354708105, 0.92648375, 0.125737518), DesiredAngle = nil},
        ["Right Leg"] = {C0 = CFrame.new(0.758021176, -1.02095664, -1.06442022, -0.342773736, -0.138149261, 0.929204464, -0.281576335, 0.958759189, 0.0386727527, -0.896225929, -0.248385966, -0.367537022), DesiredAngle = nil},
        ["Left Arm"] = {C0 = CFrame.new(-1.03572392, 0.395830005, 0.0528735742, 0.589455485, 0.0261623636, -0.8073771, 0.174739033, 0.971681952, 0.159061193, 0.788675189, -0.234839767, 0.568191648), DesiredAngle = nil},
    }
},

{
    Time = 0.067,
    Motors = {
        ["Left Leg"] = {C0 = CFrame.new(-1.23407733, -0.846828938, -0.207576245, 0.6419034, -0.0323906988, -0.766101122, 0.423864871, 0.847571313, 0.319314063, 0.638982534, -0.529692113, 0.557788134), DesiredAngle = nil},
        ["Right Arm"] = {C0 = CFrame.new(1.11236405, 0.357303202, -0.0343228988, 0.0496407859, 0.377389073, 0.924723327, 0.509097874, 0.786994398, -0.348509789, -0.859275877, 0.488074958, -0.153060973), DesiredAngle = nil},
        ["Head"] = {C0 = CFrame.new(-0.0311382171, 1.07332718, -0.0235852841, -0.929830492, 0.36700213, 0.026919499, 0.101949349, 0.186625123, 0.977127075, 0.353583872, 0.911306977, -0.210945368), DesiredAngle = nil},
        ["Torso"] = {C0 = CFrame.new(-0.145340726, -0.18465893, 0.198887303, -0.934945345, -0.350215763, -0.0567986816, -0.00996041112, -0.13411805, 0.990915298, -0.354651898, 0.927017391, 0.121904761), DesiredAngle = nil},
        ["Right Leg"] = {C0 = CFrame.new(0.754318833, -1.01505387, -1.07287288, -0.34216851, -0.139909998, 0.929164052, -0.282135397, 0.958522201, 0.0404330939, -0.896281362, -0.248315126, -0.367449701), DesiredAngle = nil},
        ["Left Arm"] = {C0 = CFrame.new(-1.03577471, 0.395561755, 0.0590711385, 0.588501811, 0.0344414376, -0.807761967, 0.155338645, 0.975661337, 0.154773638, 0.793432713, -0.216561228, 0.568828344), DesiredAngle = nil},
    }
},

{
    Time = 0.066,
    Motors = {
        ["Left Leg"] = {C0 = CFrame.new(-1.23957729, -0.844083309, -0.215511933, 0.642004073, -0.0351598412, -0.765894592, 0.425537765, 0.847299695, 0.317806244, 0.637768209, -0.529949963, 0.558931649), DesiredAngle = nil},
        ["Right Arm"] = {C0 = CFrame.new(1.11217153, 0.356263548, -0.0344239734, 0.0480555296, 0.37395069, 0.926202774, 0.509928882, 0.788147211, -0.344668716, -0.858873248, 0.488860756, -0.152813405), DesiredAngle = nil},
        ["Head"] = {C0 = CFrame.new(-0.0311382171, 1.07332718, -0.0235852841, -0.928545356, 0.369843483, 0.0319275856, 0.108841106, 0.189012423, 0.975924134, 0.354904473, 0.909664869, -0.215760782), DesiredAngle = nil},
        ["Torso"] = {C0 = CFrame.new(-0.147728562, -0.189399362, 0.195421785, -0.934952676, -0.350199699, -0.0567779988, -0.0113455597, -0.130444497, 0.991390705, -0.354591072, 0.927547514, 0.117986217), DesiredAngle = nil},
        ["Right Leg"] = {C0 = CFrame.new(0.750581622, -1.00894153, -1.08136022, -0.341562599, -0.14167048, 0.929120302, -0.282693595, 0.958281815, 0.042193342, -0.896336615, -0.248244673, -0.367362589), DesiredAngle = nil},
        ["Left Arm"] = {C0 = CFrame.new(-1.03583026, 0.395270377, 0.0655045658, 0.587432981, 0.0430988446, -0.808124304, 0.135089234, 0.979347885, 0.150428116, 0.797918141, -0.197535351, 0.569479108), DesiredAngle = nil},
    }
},

{
    Time = 0.066,
    Motors = {
        ["Left Leg"] = {C0 = CFrame.new(-1.24493086, -0.841225743, -0.223249659, 0.642169058, -0.037923947, -0.765624344, 0.427124918, 0.847066998, 0.316293836, 0.636539996, -0.5301314, 0.560158432), DesiredAngle = nil},
        ["Right Arm"] = {C0 = CFrame.new(1.11197901, 0.355190188, -0.0345250517, 0.0463392623, 0.370374382, 0.927725971, 0.510774851, 0.789348662, -0.340643108, -0.858464718, 0.489644259, -0.152600124), DesiredAngle = nil},
        ["Head"] = {C0 = CFrame.new(-0.0311382171, 1.07332718, -0.0235852841, -0.927178204, 0.3727929, 0.0369605124, 0.115858123, 0.191523105, 0.974625945, 0.356254876, 0.907934129, -0.22076714), DesiredAngle = nil},
        ["Torso"] = {C0 = CFrame.new(-0.150123417, -0.194175035, 0.191949233, -0.934959412, -0.350184858, -0.0567576885, -0.0127304122, -0.126769379, 0.991850495, -0.354526162, 0.928062558, 0.114066221), DesiredAngle = nil},
        ["Right Leg"] = {C0 = CFrame.new(0.746949136, -1.00272441, -1.08953333, -0.340968579, -0.143400356, 0.929073095, -0.28308624, 0.958085299, 0.0439860784, -0.896438837, -0.248009935, -0.367271632), DesiredAngle = nil},
        ["Left Arm"] = {C0 = CFrame.new(-1.03589034, 0.394951224, 0.0720998794, 0.586081088, 0.051931873, -0.808586478, 0.114220545, 0.982683063, 0.145902857, 0.802161217, -0.177868083, 0.570000231), DesiredAngle = nil},
    }
},

{
    Time = 0.051,
    Motors = {
        ["Left Leg"] = {C0 = CFrame.new(-1.24891591, -0.839005113, -0.229033619, 0.642191887, -0.0400003195, -0.765499473, 0.428304225, 0.846932471, 0.31505698, 0.635724008, -0.530193746, 0.5610255), DesiredAngle = nil},
        ["Right Arm"] = {C0 = CFrame.new(1.11182976, 0.354376793, -0.0346020609, 0.0450878255, 0.367594361, 0.928892612, 0.511396348, 0.790270388, -0.3375597, -0.85816139, 0.490252107, -0.152354807), DesiredAngle = nil},
        ["Head"] = {C0 = CFrame.new(-0.0311382171, 1.07332718, -0.0235852841, -0.926123619, 0.375018299, 0.040698573, 0.121145487, 0.193515956, 0.973588884, 0.357237816, 0.906594098, -0.224651456), DesiredAngle = nil},
        ["Torso"] = {C0 = CFrame.new(-0.151905492, -0.197732136, 0.189357132, -0.934937835, -0.350231171, -0.0568272248, -0.0138533805, -0.1240068, 0.992184639, -0.354540944, 0.928418219, 0.111086763), DesiredAngle = nil},
        ["Right Leg"] = {C0 = CFrame.new(0.744294643, -0.998009145, -1.09547079, -0.340443403, -0.14469628, 0.929064751, -0.283320248, 0.957951307, 0.045376271, -0.896564543, -0.247774795, -0.367123574), DesiredAngle = nil},
        ["Left Arm"] = {C0 = CFrame.new(-1.03593206, 0.394701481, 0.0771226957, 0.584956467, 0.0585422106, -0.808949172, 0.0983471498, 0.984912395, 0.142391831, 0.805079997, -0.162850857, 0.570373356), DesiredAngle = nil},
    }
},

{
    Time = 0.066,
    Motors = {
        ["Left Leg"] = {C0 = CFrame.new(-1.25395107, -0.836052895, -0.236349598, 0.642306864, -0.0426006466, -0.765262783, 0.429734439, 0.846767068, 0.313550532, 0.634641826, -0.530255437, 0.562191188), DesiredAngle = nil},
        ["Right Arm"] = {C0 = CFrame.new(1.11163247, 0.35328418, -0.0347079523, 0.0433427766, 0.36393261, 0.930416286, 0.512234867, 0.791472495, -0.333446801, -0.857751012, 0.491044194, -0.152114362), DesiredAngle = nil},
        ["Head"] = {C0 = CFrame.new(-0.0311382171, 1.07332718, -0.0235852841, -0.924638271, 0.378091812, 0.0457233153, 0.128304943, 0.196213201, 0.972130775, 0.358583152, 0.904735804, -0.2299373), DesiredAngle = nil},
        ["Torso"] = {C0 = CFrame.new(-0.154244021, -0.20240213, 0.185962036, -0.934943736, -0.35021612, -0.0568228066, -0.0152222421, -0.120413564, 0.992607117, -0.35446927, 0.928896725, 0.107248835), DesiredAngle = nil},
        ["Right Leg"] = {C0 = CFrame.new(0.740906656, -0.991792023, -1.10305023, -0.339874238, -0.146312028, 0.929020047, -0.283531636, 0.95780468, 0.0471176356, -0.896713614, -0.247392505, -0.367017239), DesiredAngle = nil},
        ["Left Arm"] = {C0 = CFrame.new(-1.03599215, 0.394349992, 0.0838752612, 0.583296537, 0.06745556, -0.809453487, 0.0769762248, 0.987469912, 0.137759998, 0.808603644, -0.142663598, 0.570795298), DesiredAngle = nil},
    }
},

{
    Time = 0.051,
    Motors = {
        ["Left Leg"] = {C0 = CFrame.new(-1.25755739, -0.833832264, -0.241582677, 0.64236778, -0.0444920212, -0.765104055, 0.430781901, 0.846644163, 0.312443137, 0.633869588, -0.530296326, 0.563023269), DesiredAngle = nil},
        ["Right Arm"] = {C0 = CFrame.new(1.11148322, 0.3524611, -0.0347897783, 0.0420057215, 0.361169726, 0.931553483, 0.512864411, 0.792369843, -0.330333382, -0.857441306, 0.491636544, -0.151947021), DesiredAngle = nil},
        ["Head"] = {C0 = CFrame.new(-0.0311382171, 1.07332718, -0.0235852841, -0.923492014, 0.380422413, 0.0494090728, 0.133618578, 0.198251888, 0.971000671, 0.359595001, 0.903313339, -0.233915552), DesiredAngle = nil},
        ["Torso"] = {C0 = CFrame.new(-0.155948594, -0.205818355, 0.183489695, -0.934958756, -0.350187927, -0.0567492396, -0.0161496606, -0.117786676, 0.992907584, -0.354388565, 0.929244161, 0.104470268), DesiredAngle = nil},
        ["Right Leg"] = {C0 = CFrame.new(0.738426805, -0.987181604, -1.10842907, -0.339468062, -0.147421226, 0.928993225, -0.28357172, 0.95773083, 0.0483602174, -0.896854818, -0.24701947, -0.366923511), DesiredAngle = nil},
        ["Left Arm"] = {C0 = CFrame.new(-1.0360384, 0.394077122, 0.0889396742, 0.581928492, 0.0741593689, -0.809851527, 0.0608513579, 0.989071071, 0.134296253, 0.810960054, -0.127431393, 0.571056008), DesiredAngle = nil},
    }
},

{
    Time = 0.065,
    Motors = {
        ["Left Leg"] = {C0 = CFrame.new(-1.26208472, -0.830931723, -0.248184279, 0.642390192, -0.0467949808, -0.764947712, 0.43196851, 0.846581459, 0.310971022, 0.6330387, -0.530198097, 0.564049661), DesiredAngle = nil},
        ["Right Arm"] = {C0 = CFrame.new(1.11128104, 0.351368546, -0.0348908566, 0.0403603055, 0.357557505, 0.933018625, 0.513676465, 0.79350853, -0.326314002, -0.857034206, 0.492439806, -0.151642606), DesiredAngle = nil},
        ["Head"] = {C0 = CFrame.new(-0.0311382171, 1.07332718, -0.0235852841, -0.92193526, 0.383524179, 0.0542638302, 0.140744254, 0.201171532, 0.969392121, 0.36086899, 0.901354074, -0.239445969), DesiredAngle = nil},
        ["Torso"] = {C0 = CFrame.new(-0.158125117, -0.210199535, 0.180319995, -0.934963882, -0.350167423, -0.0567916334, -0.0174712241, -0.114444651, 0.993276, -0.35431239, 0.92966938, 0.10088376), DesiredAngle = nil},
        ["Right Leg"] = {C0 = CFrame.new(0.735353172, -0.981243908, -1.11517, -0.338924497, -0.148923054, 0.928952157, -0.283602059, 0.957635045, 0.0500501804, -0.897050738, -0.24648951, -0.366800874), DesiredAngle = nil},
        ["Left Arm"] = {C0 = CFrame.new(-1.03610313, 0.393702477, 0.095655255, 0.579896271, 0.0830163658, -0.81044966, 0.0394140966, 0.990771115, 0.129688874, 0.813736379, -0.107149243, 0.571272433), DesiredAngle = nil},
    }
},

{
    Time = 0.051,
    Motors = {
        ["Left Leg"] = {C0 = CFrame.new(-1.26525211, -0.828814387, -0.252806276, 0.642426312, -0.0484451652, -0.764814734, 0.432828099, 0.846518815, 0.309944898, 0.632414699, -0.530150056, 0.564794362), DesiredAngle = nil},
        ["Right Arm"] = {C0 = CFrame.new(1.11113667, 0.350564718, -0.0349726789, 0.0390030257, 0.354791343, 0.934131622, 0.514223397, 0.794427752, -0.32320106, -0.856768966, 0.492958128, -0.151456907), DesiredAngle = nil},
        ["Head"] = {C0 = CFrame.new(-0.0311382171, 1.07332718, -0.0235852841, -0.920738995, 0.385873526, 0.0578045249, 0.146007806, 0.203360096, 0.968156159, 0.361830682, 0.899859071, -0.243582115), DesiredAngle = nil},
        ["Torso"] = {C0 = CFrame.new(-0.159681782, -0.213326976, 0.178058967, -0.934947491, -0.350214928, -0.0567690507, -0.0183465201, -0.112070531, 0.993530869, -0.354311496, 0.929940701, 0.0983548313), DesiredAngle = nil},
        ["Right Leg"] = {C0 = CFrame.new(0.733187675, -0.976982713, -1.11988533, -0.338518471, -0.150032267, 0.9289217, -0.28364113, 0.957557678, 0.0512925945, -0.897191703, -0.246116921, -0.366706282), DesiredAngle = nil},
        ["Left Arm"] = {C0 = CFrame.new(-1.03614938, 0.3934111, 0.100627176, 0.578300595, 0.0894847289, -0.810901284, 0.0235999078, 0.991715312, 0.126268417, 0.815482318, -0.0921582878, 0.571397781), DesiredAngle = nil},
    }
},

{
    Time = 0.067,
    Motors = {
        ["Left Leg"] = {C0 = CFrame.new(-1.26912522, -0.82612896, -0.258478343, 0.642508984, -0.0504857302, -0.764613152, 0.433852196, 0.846457064, 0.308678806, 0.631628394, -0.530058026, 0.565759659), DesiredAngle = nil},
        ["Right Arm"] = {C0 = CFrame.new(1.11094415, 0.34951064, -0.0350737534, 0.0373760164, 0.351251483, 0.935534835, 0.515024543, 0.79550463, -0.319252372, -0.856360137, 0.493755788, -0.151170358), DesiredAngle = nil},
        ["Head"] = {C0 = CFrame.new(-0.0311382171, 1.07332718, -0.0235852841, -0.919166207, 0.388898432, 0.0623819456, 0.152875364, 0.206293762, 0.966474056, 0.362991214, 0.897886932, -0.24907124), DesiredAngle = nil},
        ["Torso"] = {C0 = CFrame.new(-0.161611766, -0.217222154, 0.175248504, -0.93495512, -0.350191325, -0.0567886643, -0.0195206515, -0.109049477, 0.993844628, -0.354228526, 0.9303087, 0.0951204076), DesiredAngle = nil},
        ["Right Leg"] = {C0 = CFrame.new(0.730533123, -0.971638799, -1.12554359, -0.338019699, -0.151268035, 0.928902984, -0.283542871, 0.957507789, 0.0527474582, -0.89741081, -0.245554149, -0.366547436), DesiredAngle = nil},
        ["Left Arm"] = {C0 = CFrame.new(-1.03620946, 0.393022597, 0.107120745, 0.576013386, 0.0978719667, -0.811559975, 0.00290645659, 0.992555022, 0.121762373, 0.817435086, -0.0724955276, 0.571440518), DesiredAngle = nil},
    }
},

{
    Time = 0.066,
    Motors = {
        ["Left Leg"] = {C0 = CFrame.new(-1.27257669, -0.823650122, -0.263530672, 0.642502546, -0.0522595644, -0.764499307, 0.434702992, 0.846459746, 0.30747202, 0.631049633, -0.529881775, 0.566570044), DesiredAngle = nil},
        ["Right Arm"] = {C0 = CFrame.new(1.1107564, 0.34848544, -0.0351700149, 0.0357772373, 0.347867757, 0.936860681, 0.515742302, 0.796550214, -0.315464169, -0.85599643, 0.494465113, -0.150911748), DesiredAngle = nil},
        ["Head"] = {C0 = CFrame.new(-0.0311382171, 1.07332718, -0.0235852841, -0.917592347, 0.391909242, 0.0665694475, 0.159441799, 0.209437981, 0.96473521, 0.364146471, 0.895847559, -0.254665405), DesiredAngle = nil},
        ["Torso"] = {C0 = CFrame.new(-0.163358629, -0.220758125, 0.172705725, -0.934934855, -0.350245208, -0.0567893833, -0.0205428246, -0.106351309, 0.994116366, -0.354224116, 0.930600703, 0.0922365114), DesiredAngle = nil},
        ["Right Leg"] = {C0 = CFrame.new(0.728123128, -0.966679037, -1.13071299, -0.337608039, -0.152446061, 0.928860068, -0.283513695, 0.957441509, 0.0540896282, -0.897574961, -0.245083466, -0.366460502), DesiredAngle = nil},
        ["Left Arm"] = {C0 = CFrame.new(-1.03627431, 0.392629474, 0.113406174, 0.573653579, 0.105981573, -0.812212706, -0.0170660429, 0.992925227, 0.117508367, 0.818920195, -0.0535478331, 0.571403861), DesiredAngle = nil},
    }
},

{
    Time = 0.067,
    Motors = {
        ["Left Leg"] = {C0 = CFrame.new(-1.27555466, -0.821438134, -0.26790303, 0.642557502, -0.0538017601, -0.764346242, 0.4354617, 0.846423268, 0.306497395, 0.630470335, -0.529785693, 0.567304254), DesiredAngle = nil},
        ["Right Arm"] = {C0 = CFrame.new(1.1105783, 0.347513169, -0.0352662802, 0.0341995582, 0.344560087, 0.938141108, 0.516453803, 0.79755044, -0.311751127, -0.855631828, 0.495168269, -0.150673509), DesiredAngle = nil},
        ["Head"] = {C0 = CFrame.new(-0.0311382171, 1.07332718, -0.0235852841, -0.916069686, 0.394753873, 0.0706097335, 0.165807769, 0.212525755, 0.962985277, 0.365135789, 0.893869221, -0.260141641), DesiredAngle = nil},
        ["Torso"] = {C0 = CFrame.new(-0.164894164, -0.223864421, 0.170479879, -0.934948742, -0.350210011, -0.0567783266, -0.0214070007, -0.104059137, 0.994340718, -0.354136348, 0.930873036, 0.089793019), DesiredAngle = nil},
        ["Right Leg"] = {C0 = CFrame.new(0.726062417, -0.962348044, -1.13504398, -0.337147444, -0.153430909, 0.928865194, -0.283369303, 0.957415521, 0.0552931651, -0.897793651, -0.244569957, -0.36626783), DesiredAngle = nil},
        ["Left Arm"] = {C0 = CFrame.new(-1.0363344, 0.392240971, 0.119418733, 0.571314275, 0.113624915, -0.812828064, -0.0361805521, 0.992894292, 0.113366008, 0.819933534, -0.0353590436, 0.571365654), DesiredAngle = nil},
    }
},

{
    Time = 0.066,
    Motors = {
        ["Left Leg"] = {C0 = CFrame.new(-1.27802491, -0.819561839, -0.271517992, 0.642591536, -0.0551024973, -0.764225006, 0.436032176, 0.846453309, 0.305602282, 0.630041361, -0.529604137, 0.567950189), DesiredAngle = nil},
        ["Right Arm"] = {C0 = CFrame.new(1.11040986, 0.346589029, -0.035352923, 0.0327718519, 0.341464281, 0.939323187, 0.517142296, 0.798447132, -0.30829525, -0.855271757, 0.495867163, -0.150419042), DesiredAngle = nil},
        ["Head"] = {C0 = CFrame.new(-0.0311382171, 1.07332718, -0.0235852841, -0.914601207, 0.397489548, 0.0742074996, 0.171764329, 0.215769887, 0.961218178, 0.366062462, 0.891877472, -0.265617907), DesiredAngle = nil},
        ["Torso"] = {C0 = CFrame.new(-0.166183159, -0.226477668, 0.168599188, -0.934962451, -0.350167781, -0.0568136238, -0.0222242884, -0.102020279, 0.994534016, -0.354049891, 0.931114614, 0.0876028985), DesiredAngle = nil},
        ["Right Leg"] = {C0 = CFrame.new(0.724350989, -0.95868063, -1.13864148, -0.336874336, -0.154270142, 0.928825259, -0.283199549, 0.957406819, 0.0563040413, -0.897949696, -0.244075522, -0.36621502), DesiredAngle = nil},
        ["Left Arm"] = {C0 = CFrame.new(-1.03639448, 0.391861707, 0.125102907, 0.568874896, 0.120895147, -0.813489854, -0.0542253405, 0.992497981, 0.109578192, 0.820634484, -0.0182245206, 0.57116276), DesiredAngle = nil},
    }
},

{
    Time = 0.067,
    Motors = {
        ["Left Leg"] = {C0 = CFrame.new(-1.27992713, -0.818064153, -0.27432391, 0.642553926, -0.0561206415, -0.764182508, 0.436539501, 0.846446037, 0.304897159, 0.629728258, -0.52950871, 0.568386078), DesiredAngle = nil},
        ["Right Arm"] = {C0 = CFrame.new(1.11025584, 0.345727444, -0.0354347453, 0.0313736871, 0.338525862, 0.940433919, 0.517748833, 0.799318612, -0.305001467, -0.854957223, 0.496477604, -0.15019381), DesiredAngle = nil},
        ["Head"] = {C0 = CFrame.new(-0.0311382171, 1.07332718, -0.0235852841, -0.91321665, 0.400037259, 0.0774952918, 0.177353278, 0.218998224, 0.959471524, 0.366853029, 0.889949441, -0.270940751), DesiredAngle = nil},
        ["Torso"] = {C0 = CFrame.new(-0.167197451, -0.228527397, 0.167127058, -0.934951961, -0.350201845, -0.0567756407, -0.0227741189, -0.10045895, 0.994680524, -0.35404259, 0.931271493, 0.0859487504), DesiredAngle = nil},
        ["Right Leg"] = {C0 = CFrame.new(0.723023713, -0.955781639, -1.14143574, -0.336619735, -0.154956937, 0.928803265, -0.283082008, 0.957392633, 0.0571312085, -0.898082256, -0.243695989, -0.36614275), DesiredAngle = nil},
        ["Left Arm"] = {C0 = CFrame.new(-1.03645003, 0.39149633, 0.130398601, 0.566512227, 0.127522454, -0.814126492, -0.0710462108, 0.991833329, 0.105920248, 0.82098496, -0.00216450542, 0.57094574), DesiredAngle = nil},
    }
},

{
    Time = 0.068,
    Motors = {
        ["Left Leg"] = {C0 = CFrame.new(-1.28125262, -0.817022681, -0.276260495, 0.642605186, -0.0567683205, -0.764091611, 0.436782211, 0.846483052, 0.304446608, 0.629507661, -0.52938056, 0.568749785), DesiredAngle = nil},
        ["Right Arm"] = {C0 = CFrame.new(1.11011147, 0.344938099, -0.0355117582, 0.0300528146, 0.335903704, 0.94141674, 0.518271148, 0.800108552, -0.302028775, -0.854688168, 0.496985972, -0.150043681), DesiredAngle = nil},
        ["Head"] = {C0 = CFrame.new(-0.0311382171, 1.07332718, -0.0235852841, -0.911945403, 0.402379125, 0.0802913308, 0.182424217, 0.222331926, 0.957752526, 0.36752829, 0.8880651, -0.276158273), DesiredAngle = nil},
        ["Torso"] = {C0 = CFrame.new(-0.167901859, -0.229964316, 0.166105717, -0.934941411, -0.350221127, -0.0568299517, -0.0232306272, -0.0994051248, 0.994775832, -0.354040712, 0.931377351, 0.084802106), DesiredAngle = nil},
        ["Right Leg"] = {C0 = CFrame.new(0.722115517, -0.953755796, -1.14332187, -0.336396009, -0.155407667, 0.928808987, -0.28300181, 0.957382739, 0.0576910004, -0.898191333, -0.243447617, -0.366040379), DesiredAngle = nil},
        ["Left Arm"] = {C0 = CFrame.new(-1.03650093, 0.391154081, 0.135236397, 0.564262688, 0.133574679, -0.814718008, -0.0863628462, 0.990960717, 0.102656282, 0.821065784, 0.0124362484, 0.570698082), DesiredAngle = nil},
    }
},

{
    Time = 0.065,
    Motors = {
        ["Left Leg"] = {C0 = CFrame.new(-1.28193259, -0.816471875, -0.277267545, 0.642585456, -0.0571334809, -0.764081001, 0.436961681, 0.846484184, 0.304185867, 0.629403293, -0.529339552, 0.568903506), DesiredAngle = nil},
        ["Right Arm"] = {C0 = CFrame.new(1.10998631, 0.344235361, -0.0355791412, 0.0289649516, 0.33347252, 0.942314804, 0.518759251, 0.800802767, -0.299338967, -0.854429603, 0.49750483, -0.149796724), DesiredAngle = nil},
        ["Head"] = {C0 = CFrame.new(-0.0311382171, 1.07332718, -0.0235852841, -0.910817087, 0.404439032, 0.0827119574, 0.18703422, 0.225682601, 0.956078172, 0.368008673, 0.886282325, -0.281199515), DesiredAngle = nil},
        ["Torso"] = {C0 = CFrame.new(-0.168268129, -0.230710953, 0.165570393, -0.934937954, -0.35023427, -0.0568070225, -0.0234242938, -0.0988281742, 0.994828761, -0.354037285, 0.931433856, 0.0841942206), DesiredAngle = nil},
        ["Right Leg"] = {C0 = CFrame.new(0.72162658, -0.952707946, -1.14433479, -0.336284161, -0.155633032, 0.928811789, -0.282961726, 0.957377672, 0.057970915, -0.898245871, -0.243323505, -0.365989149), DesiredAngle = nil},
        ["Left Arm"] = {C0 = CFrame.new(-1.03655171, 0.390844196, 0.139565453, 0.562228441, 0.138952777, -0.815224707, -0.100070722, 0.989970326, 0.0997228324, 0.82090503, 0.02551312, 0.570494533), DesiredAngle = nil},
    }
},

{
    Time = 0.067,
    Motors = {
        ["Left Leg"] = {C0 = CFrame.new(-1.28197563, -0.816437423, -0.277327836, 0.642585456, -0.0571334809, -0.764081001, 0.436961681, 0.846484184, 0.304185867, 0.629403293, -0.529339552, 0.568903506), DesiredAngle = nil},
        ["Right Arm"] = {C0 = CFrame.new(1.10987079, 0.343624115, -0.0356369019, 0.0279789418, 0.331437945, 0.943062067, 0.51916343, 0.801392496, -0.297051013, -0.854216874, 0.497914493, -0.149648368), DesiredAngle = nil},
        ["Head"] = {C0 = CFrame.new(-0.0311382171, 1.07332718, -0.0235852841, -0.909827948, 0.406274557, 0.0845817551, 0.191026747, 0.229081467, 0.954479158, 0.368404508, 0.884569228, -0.286034018), DesiredAngle = nil},
        ["Torso"] = {C0 = CFrame.new(-0.168289259, -0.230753243, 0.165535152, -0.934937954, -0.35023427, -0.0568070225, -0.0234242938, -0.0988281742, 0.994828761, -0.354037285, 0.931433856, 0.0841942206), DesiredAngle = nil},
        ["Right Leg"] = {C0 = CFrame.new(0.721591651, -0.95263809, -1.14440465, -0.336284161, -0.155633032, 0.928811789, -0.282961726, 0.957377672, 0.0579709224, -0.898245871, -0.243323505, -0.365989149), DesiredAngle = nil},
        ["Left Arm"] = {C0 = CFrame.new(-1.03659344, 0.390566707, 0.143325642, 0.560372829, 0.14358747, -0.815699041, -0.111919329, 0.988952279, 0.0971983373, 0.820643842, 0.0368251801, 0.57025218), DesiredAngle = nil},
    }
},

{
    Time = 0.066,
    Motors = {
        ["Left Leg"] = {C0 = CFrame.new(-1.28162265, -0.816721439, -0.276811391, 0.642627299, -0.0569790006, -0.764057279, 0.436900049, 0.846460462, 0.304340333, 0.629403234, -0.52939409, 0.568852723), DesiredAngle = nil},
        ["Right Arm"] = {C0 = CFrame.new(1.10977936, 0.343113899, -0.0356898457, 0.0271684118, 0.329697371, 0.943695664, 0.519547462, 0.801863194, -0.295103073, -0.854009509, 0.498312145, -0.149508104), DesiredAngle = nil},
        ["Head"] = {C0 = CFrame.new(-0.0311382171, 1.07332718, -0.0235852841, -0.909018874, 0.407787412, 0.0859892517, 0.194326058, 0.232212931, 0.953055382, 0.368676156, 0.88305527, -0.290329665), DesiredAngle = nil},
        ["Torso"] = {C0 = CFrame.new(-0.168099076, -0.230372876, 0.165809855, -0.934941411, -0.350231171, -0.0567684248, -0.0232928488, -0.0990666524, 0.994808137, -0.354036689, 0.931409657, 0.0844636336), DesiredAngle = nil},
        ["Right Leg"] = {C0 = CFrame.new(0.72183615, -0.953196943, -1.14388072, -0.336390346, -0.155476421, 0.92879957, -0.282934397, 0.957396626, 0.0577909648, -0.898214757, -0.243349046, -0.366048604), DesiredAngle = nil},
        ["Left Arm"] = {C0 = CFrame.new(-1.03663039, 0.390330821, 0.146452174, 0.55872649, 0.14743489, -0.816141903, -0.121746577, 0.987991691, 0.0951322466, 0.820367277, 0.0462095812, 0.569966853), DesiredAngle = nil},
    }
},

{
    Time = 0.051,
    Motors = {
        ["Left Leg"] = {C0 = CFrame.new(-1.2811408, -0.81710875, -0.276097029, 0.642605186, -0.0567683354, -0.764091611, 0.436782211, 0.846483052, 0.304446608, 0.629507661, -0.52938056, 0.568749785), DesiredAngle = nil},
        ["Right Arm"] = {C0 = CFrame.new(1.10972643, 0.342805862, -0.0357187241, 0.0266456492, 0.328730404, 0.944047868, 0.519754291, 0.802139521, -0.293985963, -0.853900194, 0.498506337, -0.149485528), DesiredAngle = nil},
        ["Head"] = {C0 = CFrame.new(-0.0311382171, 1.07332718, -0.0235852841, -0.908562601, 0.408639371, 0.0867635533, 0.196304053, 0.234298468, 0.952139139, 0.368752956, 0.882110059, -0.29309237), DesiredAngle = nil},
        ["Torso"] = {C0 = CFrame.new(-0.167838469, -0.2298446, 0.166190207, -0.934944987, -0.350223005, -0.056760557, -0.0231303275, -0.0994743183, 0.994771242, -0.354038, 0.931369305, 0.0849022493), DesiredAngle = nil},
        ["Right Leg"] = {C0 = CFrame.new(0.722185433, -0.953930378, -1.14318228, -0.336408556, -0.155323952, 0.928818464, -0.28298685, 0.957392216, 0.0576073229, -0.898191333, -0.243463829, -0.366029561), DesiredAngle = nil},
        ["Left Arm"] = {C0 = CFrame.new(-1.03665352, 0.390192062, 0.148343816, 0.55776906, 0.149709567, -0.816382766, -0.127693206, 0.98736614, 0.093822211, 0.820114732, 0.0519154072, 0.56983912), DesiredAngle = nil},
    }
},

{
    Time = 0.066,
    Motors = {
        ["Left Leg"] = {C0 = CFrame.new(-1.28021121, -0.81784898, -0.27473709, 0.642599821, -0.0562233031, -0.764136374, 0.436555743, 0.846457958, 0.304840833, 0.629670203, -0.529478788, 0.568478346), DesiredAngle = nil},
        ["Right Arm"] = {C0 = CFrame.new(1.10966861, 0.342497796, -0.0357476026, 0.0261807814, 0.327660918, 0.944432557, 0.519948483, 0.802442729, -0.292812645, -0.853796303, 0.498722345, -0.149358183), DesiredAngle = nil},
        ["Head"] = {C0 = CFrame.new(-0.0311382171, 1.07332718, -0.0235852841, -0.908116579, 0.409502715, 0.087360613, 0.198281735, 0.236808121, 0.951107919, 0.368793577, 0.881038845, -0.29624629), DesiredAngle = nil},
        ["Torso"] = {C0 = CFrame.new(-0.16734542, -0.228830308, 0.166915715, -0.934948444, -0.350204915, -0.0568142496, -0.0229055621, -0.100220457, 0.994701564, -0.354043335, 0.931296051, 0.0856793225), DesiredAngle = nil},
        ["Right Leg"] = {C0 = CFrame.new(0.722849011, -0.955362439, -1.14181995, -0.336526096, -0.155029848, 0.928825021, -0.283094406, 0.957383215, 0.0572274812, -0.89811343, -0.243686616, -0.366072536), DesiredAngle = nil},
