local keyFrames = {

{
    Time = 0.051,
    Motors = {
        ["Left Leg"] = {C0 = CFrame.new(-0.999992371, -0.76099205, -0.47952649, 0.269379944, 0.035090059, -0.962394476, 0.0890275463, 0.994149208, 0.0611672103, 0.958910108, -0.10215684, 0.264679879), DesiredAngle = nil},
        ["Right Arm"] = {C0 = CFrame.new(1.56585693, 0.619636536, -0.303565949, 0.0851516575, -0.994791806, -0.0560235381, 0.511539996, 0.0918998122, -0.854330957, 0.855029881, 0.0440893918, 0.516701162), DesiredAngle = nil},
        ["Head"] = {C0 = CFrame.new(7.62939408e-06, 0.999999046, 1.52587882e-05, -0.906307638, 0.422618538, -9.31322575e-09, 0.0368335769, 0.0789898261, 0.99619472, 0.421010345, 0.902858913, -0.0871556327), DesiredAngle = nil},
        ["Torso"] = {C0 = CFrame.new(-1.04904166e-05, -0.017427681, 0.199264511, -0.819489181, -0.572318971, -0.029808972, 0.0723805428, -0.154957041, 0.985266149, -0.568505585, 0.80525732, 0.168410376), DesiredAngle = nil},
        ["Right Leg"] = {C0 = CFrame.new(0.992197037, -0.915317059, 0.0212631207, 0.214267462, -0.296521008, 0.930679739, 0.0418520495, 0.954720676, 0.294545174, -0.975878, -0.0241605695, 0.2169756), DesiredAngle = nil},
        ["Left Arm"] = {C0 = CFrame.new(-1.00554514, -0.0509969592, -0.228813156, 0.0908731073, 0.663996935, -0.742192805, -0.644476056, 0.607379735, 0.464478731, 0.759205341, 0.436116904, 0.483124614), DesiredAngle = nil},
    }
},

{
    Time = 0.067,
    Motors = {
        ["Left Leg"] = {C0 = CFrame.new(-0.930348694, -0.798793137, -0.500911713, 0.264636099, 0.0623646937, -0.962329626, -0.0124882106, 0.99804461, 0.0612450354, 0.964267433, -0.00418988056, 0.264897466), DesiredAngle = nil},
        ["Right Arm"] = {C0 = CFrame.new(1.09371436, 0.424626648, -0.677187622, 0.904462695, 0.371376395, 0.209825352, -0.0678263307, 0.610866547, -0.788822889, -0.421125501, 0.69922924, 0.577695131), DesiredAngle = nil},
        ["Head"] = {C0 = CFrame.new(1.01725254e-05, 1.00000095, 1.01725254e-05, -0.979340494, -0.202218309, -0.000151867978, -0.0174731538, 0.0838740543, 0.996323168, -0.201462045, 0.975742221, -0.085674651), DesiredAngle = nil},
        ["Torso"] = {C0 = CFrame.new(-8.58306885e-06, -0.0174287949, 0.19925943, -0.960491121, 0.209502295, 0.183209002, 0.187305599, -0.000291885808, 0.982301652, 0.205847934, 0.977808118, -0.0389606133), DesiredAngle = nil},
        ["Right Leg"] = {C0 = CFrame.new(0.921590805, -0.813186467, 0.0357335433, 0.193826169, -0.4800089, 0.85558331, 0.186000526, 0.874284625, 0.448363841, -0.963242054, 0.0722342953, 0.25874117), DesiredAngle = nil},
        ["Left Arm"] = {C0 = CFrame.new(-0.958386242, -0.230558515, -0.113146462, 0.0904867649, 0.833760142, -0.544661582, -0.647855282, 0.464647114, 0.60364449, 0.756370068, 0.298240066, 0.582200348), DesiredAngle = nil},
    }
},

{
    Time = 0.067,
    Motors = {
        ["Left Leg"] = {C0 = CFrame.new(-0.858179092, -0.803389549, -0.520799637, 0.257144272, 0.0890155733, -0.962264538, -0.11387334, 0.991602361, 0.0612993427, 0.959640384, 0.0938135162, 0.265121341), DesiredAngle = nil},
        ["Right Arm"] = {C0 = CFrame.new(0.857643127, 0.327121735, -0.863998413, 0.260871291, 0.957186997, -0.125456333, -0.510747552, 0.0265697688, -0.859320104, -0.819196701, 0.288248539, 0.495812178), DesiredAngle = nil},
        ["Head"] = {C0 = CFrame.new(1.15307894e-05, 1.00000143, 7.62939453e-06, -0.892442644, -0.451160908, -5.20981848e-05, -0.0392692722, 0.0775636137, 0.996213734, -0.449448645, 0.889065623, -0.0869378299), DesiredAngle = nil},
        ["Torso"] = {C0 = CFrame.new(-7.15255737e-06, -0.0174283981, 0.199256897, -0.696158826, 0.685038924, 0.214672998, 0.28469041, -0.0110742003, 0.958555579, 0.659025192, 0.728422284, -0.18731463), DesiredAngle = nil},
        ["Right Leg"] = {C0 = CFrame.new(0.886281967, -0.762119293, 0.0429668427, 0.149522409, -0.606500506, 0.780897021, 0.290788859, 0.781821907, 0.551540017, -0.945031703, 0.144608557, 0.293263495), DesiredAngle = nil},
        ["Left Arm"] = {C0 = CFrame.new(-0.934806824, -0.320339203, -0.0553131104, 0.242503405, 0.867908657, -0.433504999, -0.574981034, 0.488485098, 0.656337559, 0.781401813, 0.0900930762, 0.617490351), DesiredAngle = nil},
    }
},

{
    Time = 0.066,
    Motors = {
        ["Left Leg"] = {C0 = CFrame.new(-0.780653, -0.757326603, -0.532959938, 0.246655568, 0.114654683, -0.962296903, -0.214058146, 0.974896312, 0.0612885728, 0.945166767, 0.19087033, 0.265006363), DesiredAngle = nil},
        ["Right Arm"] = {C0 = CFrame.new(0.857643127, 0.327121735, -0.863998413, 0.261573046, 0.928798974, -0.262511045, -0.509709001, -0.0980335176, -0.854743302, -0.819619536, 0.357382059, 0.447774261), DesiredAngle = nil},
        ["Head"] = {C0 = CFrame.new(1.17041855e-05, 1.00000036, 7.62939453e-06, -0.93694973, -0.349464238, -9.59094614e-05, -0.0303621907, 0.0811307579, 0.996240914, -0.348142803, 0.933430552, -0.0866259336), DesiredAngle = nil},
        ["Torso"] = {C0 = CFrame.new(-0.0441334657, -0.0194045324, 0.138643205, -0.600696206, 0.770065546, 0.214856371, 0.281211078, -0.0480543002, 0.958442092, 0.748387933, 0.636152446, -0.187684923), DesiredAngle = nil},
        ["Right Leg"] = {C0 = CFrame.new(0.886276245, -0.762115955, 0.0429620743, 0.137801707, -0.643045545, 0.753328025, 0.308812052, 0.750565052, 0.584197879, -0.941087544, 0.152133286, 0.302009374), DesiredAngle = nil},
        ["Left Arm"] = {C0 = CFrame.new(-0.934806824, -0.320338249, -0.055314064, 0.260618746, 0.860873401, -0.437006861, -0.562838495, 0.50325036, 0.6557073, 0.784404755, 0.0750746578, 0.615689099), DesiredAngle = nil},
    }
},

{
    Time = 0.051,
    Motors = {
        ["Left Leg"] = {C0 = CFrame.new(-0.720385432, -0.709688306, -0.537407398, 0.23714754, 0.133126929, -0.962308824, -0.287800819, 0.955726922, 0.0612918995, 0.927864075, 0.262418061, 0.264962345), DesiredAngle = nil},
        ["Right Arm"] = {C0 = CFrame.new(0.857643127, 0.327121735, -0.863998413, 0.261333704, 0.894680023, -0.36228779, -0.510355234, -0.190504476, -0.838597417, -0.819293737, 0.404049248, 0.406819403), DesiredAngle = nil},
        ["Head"] = {C0 = CFrame.new(1.18342323e-05, 0.999999583, 7.62939453e-06, -0.962777615, -0.270294785, -8.98791477e-05, -0.0234681293, 0.0832611546, 0.996251404, -0.269274056, 0.95917064, -0.0865052864), DesiredAngle = nil},
        ["Torso"] = {C0 = CFrame.new(-0.110323653, -0.0223701652, 0.0477226786, -0.600695968, 0.770065546, 0.214856371, 0.281211138, -0.0480543226, 0.958441973, 0.748387933, 0.636152267, -0.187684983), DesiredAngle = nil},
        ["Right Leg"] = {C0 = CFrame.new(0.886276245, -0.76211381, 0.0429577827, 0.158763304, -0.638176799, 0.753342211, 0.284085065, 0.760279417, 0.584183931, -0.945563257, 0.121266298, 0.302000999), DesiredAngle = nil},
        ["Left Arm"] = {C0 = CFrame.new(-0.934806824, -0.320336819, -0.0553154945, 0.0576185584, 0.896993041, -0.438273311, -0.661491752, 0.363106251, 0.656187773, 0.747735739, 0.252105564, 0.614275157), DesiredAngle = nil},
    }
},

{
    Time = 0.067,
    Motors = {
        ["Left Leg"] = {C0 = CFrame.new(-0.659645081, -0.65914011, -0.540816307, 0.215989918, 0.150909752, -0.964662969, -0.359167844, 0.930991054, 0.0652238056, 0.9079355, 0.332388252, 0.255286604), DesiredAngle = nil},
        ["Right Arm"] = {C0 = CFrame.new(0.857642174, 0.327121496, -0.863997936, 0.250963002, 0.852791846, -0.457999587, -0.508983552, -0.286200702, -0.81180352, -0.823379338, 0.436846912, 0.362231225), DesiredAngle = nil},
        ["Head"] = {C0 = CFrame.new(1.20076274e-05, 0.99999851, 7.62939453e-06, -0.986804485, -0.161916554, -5.35366125e-05, -0.0140585564, 0.0853509158, 0.996251762, -0.16130507, 0.983106434, -0.0865009725), DesiredAngle = nil},
        ["Torso"] = {C0 = CFrame.new(-0.15374051, -0.0375407003, -0.0394927673, -0.672143936, 0.708813667, 0.214022681, 0.282685399, -0.0214956701, 0.958971739, 0.684332848, 0.705068171, -0.1859231), DesiredAngle = nil},
        ["Right Leg"] = {C0 = CFrame.new(0.886276424, -0.762111485, 0.0429534912, 0.184176803, -0.631369233, 0.753293991, 0.253474414, 0.770991266, 0.584228754, -0.949647129, 0.0833393708, 0.302034646), DesiredAngle = nil},
        ["Left Arm"] = {C0 = CFrame.new(-0.934806824, -0.32033515, -0.0553174019, -0.185758457, 0.882547736, -0.431975901, -0.735388875, 0.166705668, 0.65681994, 0.65168786, 0.439680099, 0.618048847), DesiredAngle = nil},
    }
},

{
    Time = 0.067,
    Motors = {
        ["Left Leg"] = {C0 = CFrame.new(-0.657752991, -0.647499561, -0.536662102, 0.173710674, 0.150896117, -0.973167479, -0.355954587, 0.931001842, 0.0808200836, 0.918216169, 0.332364142, 0.215437114), DesiredAngle = nil},
        ["Right Arm"] = {C0 = CFrame.new(0.857638359, 0.327120543, -0.863996029, 0.213555336, 0.863008559, -0.457832187, -0.495962322, -0.307985604, -0.811890543, -0.841674089, 0.400451064, 0.362247765), DesiredAngle = nil},
        ["Head"] = {C0 = CFrame.new(1.21810226e-05, 0.999997497, 7.62939453e-06, -0.998670757, -0.051543124, -1.23302452e-05, -0.00447993819, 0.0865627378, 0.996236324, -0.0513480678, 0.994912148, -0.0866785794), DesiredAngle = nil},
        ["Torso"] = {C0 = CFrame.new(-0.062648505, -0.0863600075, -0.0246734191, -0.88945353, 0.405083179, 0.211612865, 0.266910225, 0.0845628679, 0.960004151, 0.370986938, 0.910360754, -0.183335602), DesiredAngle = nil},
        ["Right Leg"] = {C0 = CFrame.new(0.88627702, -0.762110889, 0.0429534912, 0.202440232, -0.625691473, 0.753344715, 0.230925933, 0.778079152, 0.584179819, -0.951678097, 0.0557053238, 0.302002877), DesiredAngle = nil},
        ["Left Arm"] = {C0 = CFrame.new(-0.934806824, -0.320334196, -0.0553193092, -0.336359054, 0.836218119, -0.433130145, -0.752890527, 0.0374998823, 0.657076478, 0.565701604, 0.54711324, 0.61696732), DesiredAngle = nil},
    }
},

{
    Time = 0.067,
    Motors = {
        ["Left Leg"] = {C0 = CFrame.new(-0.835215867, -0.860809982, -0.565971613, 0.0985523611, 0.15135403, -0.983554482, -0.352302581, 0.929661572, 0.107759938, 0.930682719, 0.335888773, 0.14494276), DesiredAngle = nil},
        ["Right Arm"] = {C0 = CFrame.new(1.10835588, 0.468077719, -0.393618077, 0.977945805, -0.0371688902, -0.2055251, -0.184869975, 0.30384624, -0.934612632, 0.0971864164, 0.95199585, 0.290273637), DesiredAngle = nil},
        ["Head"] = {C0 = CFrame.new(1.23544178e-05, 0.999996424, 7.62939453e-06, -0.998230398, 0.0594648235, 3.5406556e-06, 0.00517922174, 0.0868833587, 0.996205032, 0.0592388473, 0.994442105, -0.0870375857), DesiredAngle = nil},
        ["Torso"] = {C0 = CFrame.new(0.0284433309, -0.135179207, -0.00985409599, -0.976014793, 0.0430467576, 0.213406011, 0.217688993, 0.181365967, 0.959019244, 0.00257811509, 0.982473075, -0.186386675), DesiredAngle = nil},
        ["Right Leg"] = {C0 = CFrame.new(0.886277676, -0.762110233, 0.0429534912, 0.220561564, -0.619556248, 0.753327668, 0.208204955, 0.784452856, 0.584195554, -0.952892065, 0.0279954821, 0.302014828), DesiredAngle = nil},
        ["Left Arm"] = {C0 = CFrame.new(-1.02706838, -0.467719197, -0.0641289353, -0.602247655, 0.669792771, -0.434367776, -0.719973028, -0.220654011, 0.65798986, 0.344871819, 0.709006011, 0.615121067), DesiredAngle = nil},
    }
},

{
    Time = 0.066,
    Motors = {
        ["Left Leg"] = {C0 = CFrame.new(-1.0099889, -1.04408264, -0.605267346, 0.0953386873, 0.130130261, -0.986902535, -0.0770864785, 0.989406586, 0.123013586, 0.992455661, 0.0643489063, 0.104359999), DesiredAngle = nil},
        ["Right Arm"] = {C0 = CFrame.new(1.31529903, 0.556731462, 0.212247938, 0.0159732625, -0.992565691, -0.120657206, -0.122836076, 0.117810488, -0.985409558, 0.992298424, 0.0305612609, -0.120041065), DesiredAngle = nil},
        ["Head"] = {C0 = CFrame.new(9.25063705e-06, 0.999997914, 5.34057335e-06, -0.993166089, 0.114549011, -0.0223519206, -0.0153136402, 0.0619590953, 0.997961223, 0.115700379, 0.99148351, -0.0597815067), DesiredAngle = nil},
        ["Torso"] = {C0 = CFrame.new(0.051217556, -0.147387296, -0.00615692139, -0.962330401, -0.166788235, 0.214713693, 0.174822181, 0.225226134, 0.958493829, -0.208224609, 0.9599244, -0.187583685), DesiredAngle = nil},
        ["Right Leg"] = {C0 = CFrame.new(0.898198962, -0.758682251, -0.00102324784, 0.262309998, -0.569061995, 0.779334247, 0.125039384, 0.820849121, 0.55728972, -0.956848264, -0.0487352125, 0.286472112), DesiredAngle = nil},
        ["Left Arm"] = {C0 = CFrame.new(-1.11932707, -0.615102172, -0.0729370117, -0.806018293, 0.401746154, -0.434665442, -0.5886783, -0.467713922, 0.659318924, 0.0615795851, 0.787301481, 0.613485157), DesiredAngle = nil},
    }
},

{
    Time = 0.051,
    Motors = {
        ["Left Leg"] = {C0 = CFrame.new(-0.997664154, -0.927782714, -0.625857711, 0.103561476, 0.123512968, -0.986924291, -0.012200404, 0.99234271, 0.122910842, 0.994548202, -0.000687973574, 0.104275391), DesiredAngle = nil},
        ["Right Arm"] = {C0 = CFrame.new(1.22278547, 0.556941032, 0.291595459, 0.308614224, -0.944066703, -0.116169691, -0.129849404, 0.0791734457, -0.988367736, 0.942282557, 0.320108891, -0.0981524363), DesiredAngle = nil},
        ["Head"] = {C0 = CFrame.new(6.10351481e-06, 0.999999642, 3.05175718e-06, -0.988831401, 0.142419875, -0.0439210795, -0.0389177911, 0.0377291702, 0.998529851, 0.143867612, 0.989086986, -0.0317651294), DesiredAngle = nil},
        ["Torso"] = {C0 = CFrame.new(0.0512161255, -0.147387385, -0.00615692139, -0.941382587, -0.26034683, 0.214519054, 0.151751846, 0.241111964, 0.958559513, -0.301281035, 0.934924901, -0.187470496), DesiredAngle = nil},
        ["Right Leg"] = {C0 = CFrame.new(0.933961213, -0.748399734, -0.132952988, 0.32647866, -0.418560088, 0.847478092, -0.0813906714, 0.880828798, 0.466386259, -0.941693783, -0.221241981, 0.253504932), DesiredAngle = nil},
        ["Left Arm"] = {C0 = CFrame.new(-1.11932564, -0.615101576, -0.0729370117, -0.859077752, 0.27019155, -0.434720099, -0.508051872, -0.553333402, 0.660079777, -0.0621973872, 0.787920356, 0.612627685), DesiredAngle = nil},
    }
},

{
    Time = 0.066,
    Motors = {
        ["Left Leg"] = {C0 = CFrame.new(-0.981231093, -0.772716045, -0.653311372, 0.113939039, 0.114011154, -0.986924231, 0.0743341446, 0.98963058, 0.122905567, 0.990702987, -0.0873658955, 0.10428264), DesiredAngle = nil},
        ["Right Arm"] = {C0 = CFrame.new(1.09943402, 0.557220459, 0.397392184, 0.639926434, -0.759067655, -0.119625628, -0.181794986, 0.0017079711, -0.983334899, 0.746622205, 0.651009381, -0.136901647), DesiredAngle = nil},
        ["Head"] = {C0 = CFrame.new(1.90735227e-06, 1.00000191, 2.72848389e-12, -0.981031418, 0.180225059, -0.0713882744, -0.0713882744, 0.00649455329, 0.997427464, 0.180225059, 0.983603954, 0.0064945952), DesiredAngle = nil},
        ["Torso"] = {C0 = CFrame.new(0.0512142144, -0.14738749, -0.00615692139, -0.899297893, -0.380920112, 0.214856178, 0.119199604, 0.259191513, 0.958442092, -0.420778751, 0.887535751, -0.187684879), DesiredAngle = nil},
        ["Right Leg"] = {C0 = CFrame.new(0.981644273, -0.734689713, -0.308859348, 0.360301077, -0.197862729, 0.911610365, -0.359346688, 0.872387409, 0.331376135, -0.860844374, -0.446979344, 0.243220806), DesiredAngle = nil},
        ["Left Arm"] = {C0 = CFrame.new(-1.11932373, -0.615100861, -0.0729370117, -0.898067355, 0.0885224342, -0.430858016, -0.379332602, -0.651740789, 0.656765282, -0.222669303, 0.753258049, 0.61888659), DesiredAngle = nil},
    }
},

{
    Time = 0.066,
    Motors = {
        ["Left Leg"] = {C0 = CFrame.new(-0.964797974, -0.617649376, -0.680765092, 0.123592764, 0.103784159, -0.986890912, 0.160284862, 0.979368925, 0.123066291, 0.979302645, -0.173393771, 0.104407907), DesiredAngle = nil},
        ["Right Arm"] = {C0 = CFrame.new(1.2425034, 0.585715234, 0.0676695108, 0.939063787, -0.331240386, -0.0918650031, -0.116894215, -0.0564032793, -0.991541505, 0.323256969, 0.941859126, -0.0916864574), DesiredAngle = nil},
        ["Head"] = {C0 = CFrame.new(1.52587654e-05, 1, 1.33514168e-05, -0.415066332, 0.906985998, -0.0713882744, -0.0356267355, 0.0622029006, 0.997427464, 0.909093261, 0.416541904, 0.00649462081), DesiredAngle = nil},
        ["Torso"] = {C0 = CFrame.new(0.121036403, 0.164106041, -0.0671461895, 0.218969792, -0.951782048, 0.214856148, -0.234554678, 0.162397251, 0.958442152, -0.947120011, -0.26026538, -0.187684849), DesiredAngle = nil},
        ["Right Leg"] = {C0 = CFrame.new(1.02932727, -0.720979691, -0.484765679, 0.333319664, 0.025846146, 0.942459583, -0.613948822, 0.7645818, 0.19616726, -0.715517223, -0.644008279, 0.270718336), DesiredAngle = nil},
        ["Left Arm"] = {C0 = CFrame.new(-0.92790401, -0.582140923, -0.451770097, -0.879689395, 0.000451564789, -0.475548625, -0.329737365, -0.721148312, 0.60927701, -0.342665911, 0.692780674, 0.634535372), DesiredAngle = nil},
    }
},

{
    Time = 0.051,
    Motors = {
        ["Left Leg"] = {C0 = CFrame.new(-0.964797974, -0.617647648, -0.68075794, 0.123130299, 0.415569663, -0.901188552, 0.159904525, 0.887924492, 0.431301057, 0.979423046, -0.197210357, 0.0428789482), DesiredAngle = nil},
        ["Right Arm"] = {C0 = CFrame.new(1.34980559, 0.60708636, -0.179622784, 0.993340015, 0.0499042273, -0.103851318, -0.0969128013, -0.125611782, -0.98733449, -0.0623170137, 0.990823448, -0.119938821), DesiredAngle = nil},
        ["Head"] = {C0 = CFrame.new(1.38282821e-05, 1, 1.40666934e-05, -0.865949929, 0.495524436, -0.0677223504, -0.061342895, 0.0291531533, 0.997690916, 0.49635455, 0.868104637, 0.00515173282), DesiredAngle = nil},
        ["Torso"] = {C0 = CFrame.new(0.161313161, 0.34381634, -0.102342486, 0.976317108, 0.0884651318, 0.197430581, -0.172751129, -0.230583951, 0.957594752, 0.130238086, -0.969022632, -0.209840611), DesiredAngle = nil},
        ["Right Leg"] = {C0 = CFrame.new(1.02932596, -0.720983982, -0.484770268, 0.328077793, -0.061057575, 0.942675471, -0.395258874, 0.897482693, 0.195691735, -0.857983351, -0.436802953, 0.270310581), DesiredAngle = nil},
        ["Left Arm"] = {C0 = CFrame.new(-0.78433907, -0.557421088, -0.735895216, -0.858996093, -0.0626004636, -0.508140743, -0.283223808, -0.768702269, 0.57348156, -0.426509082, 0.636535943, 0.642582357), DesiredAngle = nil},
    }
},

{
    Time = 0.068,
    Motors = {
        ["Left Leg"] = {C0 = CFrame.new(-0.501889348, -0.391132355, -0.986855149, 0.123593181, 0.511139333, -0.850565314, 0.160285175, 0.835599005, 0.525435984, 0.979302526, -0.201273322, 0.0213462822), DesiredAngle = nil},
        ["Right Arm"] = {C0 = CFrame.new(1.29171395, 0.555774689, -0.0179273039, 0.815947533, -0.573233604, -0.0750510097, -0.109704912, -0.0260651112, -0.993622303, 0.567621708, 0.818977177, -0.0841542184), DesiredAngle = nil},
        ["Head"] = {C0 = CFrame.new(1.19209353e-05, 1, 1.50203678e-05, -0.950273573, -0.303543925, -0.069578521, -0.0642612353, -0.0274840705, 0.997554541, -0.304713905, 0.95242095, 0.00661127735), DesiredAngle = nil},
        ["Torso"] = {C0 = CFrame.new(0.186830938, 0.457631469, -0.124637559, -0.481389254, 0.851401687, 0.208277956, 0.250142515, -0.0942939818, 0.963606417, 0.840055466, 0.515968919, -0.167579621), DesiredAngle = nil},
        ["Right Leg"] = {C0 = CFrame.new(1.02932119, -0.720985413, -0.484771758, 0.321894854, -0.212019101, 0.922730505, -0.315305352, 0.894962728, 0.315633178, -0.89272964, -0.392542541, 0.221233159), DesiredAngle = nil},
        ["Left Arm"] = {C0 = CFrame.new(-1.21524, 0.0375249088, -0.566201448, -0.396743774, 0.711151838, -0.580394268, -0.897379339, -0.167448744, 0.408253789, 0.193144202, 0.682805955, 0.704607248), DesiredAngle = nil},
    }
},

{
    Time = 0.065,
    Motors = {
        ["Left Leg"] = {C0 = CFrame.new(-0.682071209, -0.839197516, -0.471333206, 0.0420234427, 0.301453531, -0.952554345, -0.154778898, 0.943851054, 0.291870892, 0.987054944, 0.135169894, 0.0863225237), DesiredAngle = nil},
        ["Right Arm"] = {C0 = CFrame.new(1.1665678, 0.47786054, 0.307576686, -0.114121906, -0.991832793, -0.0569553375, -0.338248193, 0.0926961899, -0.936480463, 0.934111536, -0.0876078755, -0.346064329), DesiredAngle = nil},
        ["Head"] = {C0 = CFrame.new(1.7166105e-05, 1.00000858, -4.76825744e-06, -0.867855012, -0.493358791, 0.05852158, -0.0586416237, 0.218693182, 0.974030018, -0.493344545, 0.84188503, -0.218725339), DesiredAngle = nil},
        ["Torso"] = {C0 = CFrame.new(0.366464555, 0.0231647044, -0.339472502, -0.911605477, 0.403873801, 0.0765599683, 0.275615931, 0.462347656, 0.842775464, 0.304977596, 0.789379835, -0.532792687), DesiredAngle = nil},
        ["Right Leg"] = {C0 = CFrame.new(1.17750847, -0.770177543, -0.390012294, -0.0109773576, -0.382422626, 0.9239223, 0.615907431, 0.72531426, 0.307534099, -0.787742019, 0.572426558, 0.227574885), DesiredAngle = nil},
        ["Left Arm"] = {C0 = CFrame.new(-1.15936446, 0.111186743, -0.354186743, 0.211687118, 0.6666466, -0.7146824, -0.874015152, 0.456367433, 0.166812629, 0.43736282, 0.58933109, 0.679266334), DesiredAngle = nil},
    }
},

{
    Time = 0.067,
    Motors = {
        ["Left Leg"] = {C0 = CFrame.new(-0.811427236, -1.01768351, -0.324053884, 0.0227064006, 0.256528676, -0.966269851, -0.292746842, 0.925859571, 0.238921151, 0.955920339, 0.277447402, 0.0961209238), DesiredAngle = nil},
        ["Right Arm"] = {C0 = CFrame.new(1.13528204, 0.458378792, 0.388957024, -0.44790557, -0.894070268, 0.00431644917, -0.405418038, 0.198795736, -0.892253399, 0.796879411, -0.401395321, -0.451514095), DesiredAngle = nil},
        ["Head"] = {C0 = CFrame.new(1.83582342e-05, 1.00001001, -1.00135885e-05, -0.923548818, -0.369940788, 0.101002172, -0.0189457424, 0.307077438, 0.951495945, -0.383012623, 0.87683934, -0.290609807), DesiredAngle = nil},
        ["Torso"] = {C0 = CFrame.new(0.457692921, -0.197721556, -0.477512002, -0.944880843, 0.324584574, 0.0429528579, 0.238623977, 0.592864454, 0.769136071, 0.224184483, 0.736991584, -0.63763994), DesiredAngle = nil},
        ["Right Leg"] = {C0 = CFrame.new(1.25193751, -0.777082503, -0.349803507, -0.127741173, -0.388531119, 0.912538111, 0.830045581, 0.461726457, 0.312782675, -0.542868793, 0.797403455, 0.263517082), DesiredAngle = nil},
        ["Left Arm"] = {C0 = CFrame.new(-1.08754444, 0.0705418587, -0.312885761, 0.340390921, 0.505167246, -0.793057442, -0.789880753, 0.611194551, 0.0502955019, 0.510120034, 0.609300613, 0.607066989), DesiredAngle = nil},
    }
},

{
    Time = 0.066,
    Motors = {
        ["Left Leg"] = {C0 = CFrame.new(-0.835237622, -1.02296114, -0.402157873, 0.00877023116, 0.299097806, -0.954182148, -0.332100958, 0.90092802, 0.279352337, 0.943203092, 0.314434856, 0.107232004), DesiredAngle = nil},
        ["Right Arm"] = {C0 = CFrame.new(1.13528395, 0.458374977, 0.388960868, -0.560724437, -0.827994108, 0.00368762016, -0.37462917, 0.249725044, -0.892911077, 0.738404393, -0.502058685, -0.450217754), DesiredAngle = nil},
        ["Head"] = {C0 = CFrame.new(1.74045617e-05, 1.00000811, -8.10624169e-06, -0.973742187, -0.20390965, 0.101227224, 0.0348110162, 0.306058109, 0.95137614, -0.224976197, 0.929918945, -0.290923417), DesiredAngle = nil},
        ["Torso"] = {C0 = CFrame.new(0.501283407, -0.291149139, -0.567645609, -0.95813936, 0.283063024, 0.0429458469, 0.212543502, 0.602751255, 0.769100845, 0.191818342, 0.746033669, -0.637682915), DesiredAngle = nil},
        ["Right Leg"] = {C0 = CFrame.new(1.28531325, -0.764425337, -0.338307917, -0.127765417, -0.427956015, 0.894723177, 0.830086291, 0.447575271, 0.332615584, -0.542800784, 0.785194218, 0.298055768), DesiredAngle = nil},
        ["Left Arm"] = {C0 = CFrame.new(-1.08754826, 0.0705323219, -0.312876225, 0.380141199, 0.402561814, -0.832728386, -0.733780563, 0.679354966, -0.00655412674, 0.563079715, 0.613531411, 0.553642809), DesiredAngle = nil},
    }
},


}
return keyFrames 
