print("NEXTON")
local keyFrames = {
  
{
    Time = 0.067,
    Motors = {
        ["Left Leg"] = {C0 = CFrame.new(-0.999952316, -0.999818742, -0.00494217733, -0.0411237814, -0.00575294113, -0.999137521, 0.298843533, 0.954136252, -0.0177940056, 0.953415692, -0.299317509, -0.0375184603), DesiredAngle = nil},
        ["Right Arm"] = {C0 = CFrame.new(1, 0.488431275, -0.000435733877, -0.00892562792, -0.0353962034, 0.999333501, -0.379588127, 0.924689531, 0.0293620024, -0.925112486, -0.379073083, -0.021689415), DesiredAngle = nil},
        ["Head"] = {C0 = CFrame.new(-5.82967488e-08, 1, 3.07054782e-09, -0.999999881, -0.000517931941, -6.11640928e-07, 6.11640928e-07, -0.00235946779, 0.999997199, -0.000517931941, 0.999997079, 0.00235946779), DesiredAngle = nil},
        ["Torso"] = {C0 = CFrame.new(0, 0.00622213306, 0, -0.999873459, 0.0158952121, 0.000617230777, 0.00110905699, 0.0309512354, 0.999520302, 0.0158684831, 0.999394476, -0.0309649482), DesiredAngle = nil},
        ["Right Leg"] = {C0 = CFrame.new(1.00351381, -0.983998656, -0.420805752, -0.0206496641, -0.0407121815, 0.998957515, 0.0133354096, 0.999070466, 0.0409924425, -0.999697864, 0.0141679747, -0.0200875662), DesiredAngle = nil},
        ["Left Arm"] = {C0 = CFrame.new(-0.999993682, 0.489945501, -0.000385012041, -0.0269870199, -0.0874992609, -0.995798945, -0.324058473, 0.943131387, -0.0740891695, 0.945652008, 0.320697665, -0.0538071953), DesiredAngle = nil},
    }
},

{
    Time = 0.051,
    Motors = {
        ["Left Leg"] = {C0 = CFrame.new(-0.999531329, -0.997906983, -0.0552918054, -0.0530041158, -0.00926884171, -0.998551309, 0.397967696, 0.916920662, -0.0296356492, 0.915866971, -0.398961961, -0.0449118689), DesiredAngle = nil},
        ["Right Arm"] = {C0 = CFrame.new(1, 0.447417825, -0.00199075928, -0.042431131, -0.0663057044, 0.996896744, -0.441485792, 0.89633894, 0.040826343, -0.896264434, -0.43838343, -0.067305699), DesiredAngle = nil},
        ["Head"] = {C0 = CFrame.new(-8.73287078e-08, 1, 1.12780875e-10, -0.999999702, -0.000776896835, -1.37307154e-06, 1.37307154e-06, -0.00353919691, 0.999993742, -0.000776896835, 0.999993443, 0.00353919691), DesiredAngle = nil},
        ["Torso"] = {C0 = CFrame.new(1.43676107e-06, 0.0247909538, 0, -0.998773932, 0.0494646132, 0.00195513084, 0.00494536478, 0.0604018718, 0.998161912, 0.0492555946, 0.996947765, -0.0605724379), DesiredAngle = nil},
        ["Right Leg"] = {C0 = CFrame.new(1.00470817, -0.978552222, -0.564123571, -0.0303677078, -0.0596284568, 0.997758627, -0.0255949553, 0.997938097, 0.0588601753, -0.999211013, -0.0237501469, -0.0318312719), DesiredAngle = nil},
        ["Left Arm"] = {C0 = CFrame.new(-0.999990523, 0.454300344, -0.00173965492, -0.0141395032, -0.0887060165, -0.995957494, -0.374750167, 0.923925221, -0.0769701004, 0.927017987, 0.372146934, -0.0463064536), DesiredAngle = nil},
    }
},

{
    Time = 0.066,
    Motors = {
        ["Left Leg"] = {C0 = CFrame.new(-0.998898029, -0.995005369, -0.131664202, -0.03834977, -0.0170278437, -0.999119282, 0.329966724, 0.943554819, -0.0287461653, 0.943213284, -0.330778539, -0.0305664912), DesiredAngle = nil},
        ["Right Arm"] = {C0 = CFrame.new(1.00001085, 0.39121902, -0.00412857858, -0.101997443, -0.0770637244, 0.991795182, -0.243915901, 0.968497872, 0.0501688607, -0.964417696, -0.236797526, -0.117581375), DesiredAngle = nil},
        ["Head"] = {C0 = CFrame.new(-8.79471855e-08, 1, 7.35621786e-09, -0.999999702, -0.000776896835, -1.37307154e-06, 1.37307154e-06, -0.00353919691, 0.999993742, -0.000776896835, 0.999993443, 0.00353919691), DesiredAngle = nil},
        ["Torso"] = {C0 = CFrame.new(1.43676107e-06, 0.0415195189, 0, -0.997005522, 0.0772776604, 0.00285398099, 0.00869620964, 0.0753702521, 0.997117698, 0.0768398196, 0.994156718, -0.0758165866), DesiredAngle = nil},
        ["Right Leg"] = {C0 = CFrame.new(1.00381112, -0.982626915, -0.457092613, -0.0292407926, -0.0574878007, 0.997917891, -0.0981880724, 0.993681729, 0.0543666705, -0.994738162, -0.0963938981, -0.0347006693), DesiredAngle = nil},
        ["Left Arm"] = {C0 = CFrame.new(-0.999981046, 0.405457437, -0.0035976537, 0.0214105509, -0.0195196401, -0.999580204, -0.20030579, 0.979453504, -0.0234170686, 0.979499459, 0.200723082, 0.0170607418), DesiredAngle = nil},
    }
},

{
    Time = 0.067,
    Motors = {
        ["Left Leg"] = {C0 = CFrame.new(-0.998096585, -0.991398871, -0.226390854, -0.019370459, -0.0251772609, -0.999495327, 0.242885068, 0.969617546, -0.029131813, 0.969861627, -0.243326798, -0.0126667535), DesiredAngle = nil},
        ["Right Arm"] = {C0 = CFrame.new(1.00002182, 0.321523398, -0.00677566184, -0.178853497, -0.0719152912, 0.981243908, 0.0228608754, 0.996752024, 0.0772187933, -0.983610094, 0.0362429507, -0.176628545), DesiredAngle = nil},
        ["Head"] = {C0 = CFrame.new(-8.75397177e-08, 1, 6.3302763e-10, -0.999999702, -0.000776896835, -1.37307154e-06, 1.37307154e-06, -0.00353919691, 0.999993742, -0.000776896835, 0.999993443, 0.00353919691), DesiredAngle = nil},
        ["Torso"] = {C0 = CFrame.new(0, 0.0465496182, 0, -0.996290445, 0.0860012993, 0.00301529048, 0.00991055369, 0.0798622072, 0.996756613, 0.0854815617, 0.99308902, -0.0804182738), DesiredAngle = nil},
        ["Right Leg"] = {C0 = CFrame.new(1.00269616, -0.987674654, -0.324351668, -0.0279411711, -0.0547225587, 0.998110592, -0.187772661, 0.98101294, 0.0485286452, -0.98181504, -0.186061949, -0.0376860462), DesiredAngle = nil},
        ["Left Arm"] = {C0 = CFrame.new(-0.999971569, 0.344884336, -0.00589825865, 0.0837867856, 0.0573980883, -0.994829237, 0.026871115, 0.997846484, 0.0598353297, 0.996121347, -0.031745594, 0.0820640028), DesiredAngle = nil},
    }
},

{
    Time = 0.051,
    Motors = {
        ["Left Leg"] = {C0 = CFrame.new(-0.997448981, -0.988447189, -0.303922474, -0.00331007759, -0.0305346828, -0.999528229, 0.170114085, 0.984947503, -0.0306526106, 0.985418797, -0.170135304, 0.00193413231), DesiredAngle = nil},
        ["Right Arm"] = {C0 = CFrame.new(1.00003266, 0.264474928, -0.00895160809, -0.238409638, -0.0519594923, 0.96977371, 0.23932299, 0.964629471, 0.110519163, -0.9412148, 0.258437991, -0.217541844), DesiredAngle = nil},
        ["Head"] = {C0 = CFrame.new(-8.859476e-08, 1, 1.8681392e-09, -0.999999702, -0.000776896835, -1.37307154e-06, 1.37307154e-06, -0.00353919691, 0.999993742, -0.000776896835, 0.999993443, 0.00353919691), DesiredAngle = nil},
        ["Torso"] = {C0 = CFrame.new(0, 0.0388313308, 0, -0.996933401, 0.0782106593, 0.00263331016, 0.00835691765, 0.0729454905, 0.997300923, 0.0778074786, 0.994264603, -0.073375389), DesiredAngle = nil},
        ["Right Leg"] = {C0 = CFrame.new(1.00179911, -0.991810143, -0.215729281, -0.027104808, -0.0523155034, 0.998262703, -0.259991974, 0.964630723, 0.0434936658, -0.965230286, -0.258361429, -0.0397477448), DesiredAngle = nil},
        ["Left Arm"] = {C0 = CFrame.new(-0.999962151, 0.295302927, -0.00778939482, 0.146506205, 0.108024977, -0.983293712, 0.208009154, 0.968430579, 0.137384489, 0.967092633, -0.224661767, 0.119410917), DesiredAngle = nil},
    }
},

{
    Time = 0.066,
    Motors = {
        ["Left Leg"] = {C0 = CFrame.new(-0.996744156, -0.985241473, -0.388402283, 0.0144538349, -0.03497006, -0.99928385, 0.0899865031, 0.995378375, -0.0335318148, 0.995838106, -0.0894373953, 0.0175338499), DesiredAngle = nil},
        ["Right Arm"] = {C0 = CFrame.new(1.00004363, 0.202317476, -0.0113154659, -0.294347495, -0.0166600347, 0.955553234, 0.452692002, 0.878134549, 0.154756948, -0.841682553, 0.478123635, -0.250934809), DesiredAngle = nil},
        ["Head"] = {C0 = CFrame.new(-8.74469421e-08, 1, -8.14942502e-10, -0.999999702, -0.000776896835, -1.37307154e-06, 1.37307154e-06, -0.00353919691, 0.999993742, -0.000776896835, 0.999993443, 0.00353919691), DesiredAngle = nil},
        ["Torso"] = {C0 = CFrame.new(0, 0.0224407576, 0, -0.998261333, 0.0589198731, 0.0016668929, 0.00510355597, 0.0582253262, 0.99829042, 0.05872209, 0.996563196, -0.0584247932), DesiredAngle = nil},
        ["Right Leg"] = {C0 = CFrame.new(1.00080073, -0.996310532, -0.0973408893, -0.0264394209, -0.0497229584, 0.998413026, -0.336799532, 0.940811872, 0.037935365, -0.941205084, -0.33526203, -0.0416211933), DesiredAngle = nil},
        ["Left Arm"] = {C0 = CFrame.new(-0.999952674, 0.241281331, -0.00984384399, 0.221519664, 0.146870792, -0.964032173, 0.38642329, 0.894440532, 0.225062549, 0.895324588, -0.422380269, 0.141381875), DesiredAngle = nil},
    }
},

{
    Time = 0.065,
    Motors = {
        ["Left Leg"] = {C0 = CFrame.new(-0.996264756, -0.983069718, -0.445368499, 0.0266171489, -0.0371542349, -0.998955011, 0.0358775593, 0.998700738, -0.0361888111, 0.999001682, -0.0348768122, 0.0279155839), DesiredAngle = nil},
        ["Right Arm"] = {C0 = CFrame.new(1.00004363, 0.160399884, -0.012908618, -0.324972004, 0.0128343776, 0.945636511, 0.575719774, 0.795965254, 0.187045515, -0.750293255, 0.605206192, -0.266055435), DesiredAngle = nil},
        ["Head"] = {C0 = CFrame.new(-8.75469937e-08, 1, 4.77318229e-09, -0.999999702, -0.000776896835, -1.37307154e-06, 1.37307154e-06, -0.00353919691, 0.999993742, -0.000776896835, 0.999993443, 0.00353919691), DesiredAngle = nil},
        ["Torso"] = {C0 = CFrame.new(0, 0.00735476334, 0, -0.999382019, 0.0351477377, 0.000510337297, 0.00207827264, 0.0445877127, 0.999003291, 0.035089951, 0.998386979, -0.044633206), DesiredAngle = nil},
        ["Right Leg"] = {C0 = CFrame.new(1.00014186, -0.999351323, -0.0175149161, -0.0260911882, -0.0479382873, 0.998509467, -0.387162834, 0.921379924, 0.0341186896, -0.921642125, -0.385695547, -0.0425998122), DesiredAngle = nil},
        ["Left Arm"] = {C0 = CFrame.new(-0.999952674, 0.204850376, -0.0112284673, 0.273159862, 0.162914276, -0.948073149, 0.49026373, 0.824379146, 0.28291437, 0.827662468, -0.54208672, 0.145316303), DesiredAngle = nil},
    }
},

{
    Time = 0.050,
    Motors = {
        ["Left Leg"] = {C0 = CFrame.new(-0.99607867, -0.982239664, -0.467364967, 0.0313112512, -0.0377668701, -0.998795927, 0.0150905009, 0.999189854, -0.0373087041, 0.999395788, -0.0139041748, 0.0318557918), DesiredAngle = nil},
        ["Right Arm"] = {C0 = CFrame.new(1.00005448, 0.144212395, -0.0135186436, -0.335084081, 0.0250819251, 0.941854298, 0.617863953, 0.760538101, 0.199564397, -0.711310625, 0.648808658, -0.270341456), DesiredAngle = nil},
        ["Head"] = {C0 = CFrame.new(-8.74160193e-08, 0.99999994, -1.40428391e-09, -0.999999702, -0.000776896835, -1.37307154e-06, 1.37307154e-06, -0.00353919691, 0.999993742, -0.000776896835, 0.999993443, 0.00353919691), DesiredAngle = nil},
        ["Torso"] = {C0 = CFrame.new(0, 0.000527286553, 0, -0.99988848, 0.0149337957, -0.000114217561, 0.000459429226, 0.03840385, 0.999262214, 0.0149271647, 0.999150693, -0.0384064279), DesiredAngle = nil},
        ["Right Leg"] = {C0 = CFrame.new(0.999878347, -1.00050676, 0.0132984389, -0.0259749182, -0.0472303927, 0.998546243, -0.406243771, 0.91318208, 0.0326252282, -0.913395464, -0.40480575, -0.0429068841), DesiredAngle = nil},
        ["Left Arm"] = {C0 = CFrame.new(-0.999943197, 0.190781653, -0.011758646, 0.29294005, 0.166984409, -0.94143635, 0.526242495, 0.793919563, 0.304566205, 0.798282504, -0.584643483, 0.144696504), DesiredAngle = nil},
    }
},

{
    Time = 0.066,
    Motors = {
        ["Left Leg"] = {C0 = CFrame.new(-0.996178865, -0.982697606, -0.455357671, 0.0287730508, -0.0373976305, -0.998886168, 0.0264290925, 0.998978972, -0.0366398171, 0.999236524, -0.0253454205, 0.029732056), DesiredAngle = nil},
        ["Right Arm"] = {C0 = CFrame.new(1.00005448, 0.153046936, -0.0131918415, -0.329693317, 0.0183963403, 0.94390887, 0.595211029, 0.780123591, 0.192694128, -0.73282069, 0.625354886, -0.268151224), DesiredAngle = nil},
        ["Head"] = {C0 = CFrame.new(-8.74160193e-08, 1, -3.43434103e-09, -0.999999702, -0.000776896835, -1.37307154e-06, 1.37307154e-06, -0.00353919691, 0.999993742, -0.000776896835, 0.999993443, 0.00353919691), DesiredAngle = nil},
        ["Torso"] = {C0 = CFrame.new(0, 0.0048950566, 0, -0.999949813, -0.0100165466, -3.24278371e-05, -0.000485365978, 0.0452193245, 0.998976946, -0.0100048324, 0.998926878, -0.0452219173), DesiredAngle = nil},
        ["Right Leg"] = {C0 = CFrame.new(1.00002027, -0.999878347, -0.00350710284, -0.0260540657, -0.0475712977, 0.998528004, -0.395829499, 0.917716682, 0.0333931632, -0.917954385, -0.394376814, -0.0427403711), DesiredAngle = nil},
        ["Left Arm"] = {C0 = CFrame.new(-0.999943197, 0.198459834, -0.0114746206, 0.28216821, 0.16488266, -0.945089817, 0.506949246, 0.810723424, 0.292796731, 0.814483583, -0.561730564, 0.145173252), DesiredAngle = nil},
    }
},

{
    Time = 0.051,
    Motors = {
        ["Left Leg"] = {C0 = CFrame.new(-0.996493697, -0.984100103, -0.418491781, 0.0209118016, -0.0362120159, -0.999125302, 0.0613793135, 0.997505307, -0.0348686315, 0.99789542, -0.0605964661, 0.0230822898), DesiredAngle = nil},
        ["Right Arm"] = {C0 = CFrame.new(1.00004363, 0.180171311, -0.0121569745, -0.311320841, -0.00149775296, 0.950303674, 0.520052075, 0.836701214, 0.171688497, -0.795377433, 0.547657609, -0.259703636), DesiredAngle = nil},
        ["Head"] = {C0 = CFrame.new(-8.73796395e-08, 1.00000012, 4.3657078e-11, -0.999999702, -0.000776896835, -1.37307154e-06, 1.37307154e-06, -0.00353919691, 0.999993742, -0.000776896835, 0.999993443, 0.00353919691), DesiredAngle = nil},
        ["Torso"] = {C0 = CFrame.new(1.43676107e-06, 0.0165701639, 0, -0.99966681, -0.025809031, 0.000374049123, -0.00123677682, 0.0623696484, 0.998052359, -0.0257820934, 0.997719407, -0.062380787), DesiredAngle = nil},
        ["Right Leg"] = {C0 = CFrame.new(1.00044596, -0.99791199, -0.0551803298, -0.0262226276, -0.0487405546, 0.998467207, -0.363541156, 0.930886388, 0.0358939357, -0.931208968, -0.362042695, -0.0421294831), DesiredAngle = nil},
        ["Left Arm"] = {C0 = CFrame.new(-0.999952674, 0.222033918, -0.0105752088, 0.248875499, 0.156361848, -0.955830514, 0.443103701, 0.859164119, 0.255922079, 0.861231744, -0.487224787, 0.14454037), DesiredAngle = nil},
    }
},

{
    Time = 0.066,
    Motors = {
        ["Left Leg"] = {C0 = CFrame.new(-0.99712342, -0.986962378, -0.343171328, 0.00490733609, -0.0327656306, -0.999451041, 0.132909566, 0.990617096, -0.0318234302, 0.991115987, -0.132680446, 0.00921616796), DesiredAngle = nil},
        ["Right Arm"] = {C0 = CFrame.new(1.00003266, 0.235596627, -0.0100436676, -0.265906841, -0.0371025614, 0.963284492, 0.342504501, 0.930425227, 0.130382493, -0.901101708, 0.36459887, -0.234698638), DesiredAngle = nil},
        ["Head"] = {C0 = CFrame.new(-8.75615456e-08, 0.99999994, 9.69185354e-09, -0.999999702, -0.000776896835, -1.37307154e-06, 1.37307154e-06, -0.00353919691, 0.999993742, -0.000776896835, 0.999993443, 0.00353919691), DesiredAngle = nil},
        ["Torso"] = {C0 = CFrame.new(1.43676107e-06, 0.0348716117, 0, -0.999148607, -0.0412350073, 0.00132770522, -0.00236231275, 0.0893103927, 0.996001065, -0.0411886871, 0.99514991, -0.089331761), DesiredAngle = nil},
        ["Right Leg"] = {C0 = CFrame.new(1.00133801, -0.993898153, -0.160716161, -0.0267522056, -0.0510782152, 0.998336256, -0.295992523, 0.95431447, 0.0408942625, -0.954815567, -0.294406086, -0.0406487882), DesiredAngle = nil},
        ["Left Arm"] = {C0 = CFrame.new(-0.999962151, 0.270204544, -0.0087385131, 0.180857599, 0.128356397, -0.975097537, 0.294058502, 0.9390378, 0.178150594, 0.938520193, -0.3189556, 0.132087857), DesiredAngle = nil},
    }
},

{
    Time = 0.066,
    Motors = {
        ["Left Leg"] = {C0 = CFrame.new(-0.997896254, -0.990482986, -0.250605792, -0.0143872676, -0.0269670151, -0.999532759, 0.220291749, 0.97498858, -0.0294757001, 0.975327909, -0.220612898, -0.00808680709), DesiredAngle = nil},
        ["Right Arm"] = {C0 = CFrame.new(1.00002182, 0.303701758, -0.00746194739, -0.19805707, -0.0671407431, 0.977888346, 0.0916265175, 0.992014706, 0.0866682529, -0.975898564, 0.10676574, -0.190323666), DesiredAngle = nil},
        ["Head"] = {C0 = CFrame.new(-8.76124773e-08, 1.00000012, 2.94683256e-09, -0.999999702, -0.000776896835, -1.37307154e-06, 1.37307154e-06, -0.00353919691, 0.999993742, -0.000776896835, 0.999993443, 0.00353919691), DesiredAngle = nil},
        ["Torso"] = {C0 = CFrame.new(1.43676107e-06, 0.0464777723, 0, -0.998818874, -0.0485480316, 0.0019873078, -0.00319374027, 0.1064099, 0.994317234, -0.0484836139, 0.993136466, -0.10643927), DesiredAngle = nil},
        ["Right Leg"] = {C0 = CFrame.new(1.00241232, -0.988972068, -0.290416151, -0.0276813433, -0.053955175, 0.998159587, -0.21045509, 0.976475596, 0.0469466224, -0.977211535, -0.208768219, -0.0383853093), DesiredAngle = nil},
        ["Left Arm"] = {C0 = CFrame.new(-0.999971569, 0.329395384, -0.00649471581, 0.102491319, 0.0745965242, -0.991932869, 0.0846253335, 0.992915213, 0.0834143162, 0.99112767, -0.0924919099, 0.0954524279), DesiredAngle = nil},
    }
},

{
    Time = 0.051,
    Motors = {
        ["Left Leg"] = {C0 = CFrame.new(-0.998547375, -0.993456125, -0.17226924, -0.0303002372, -0.0207648091, -0.999325156, 0.292938888, 0.955699086, -0.0287404247, 0.955650926, -0.293612063, -0.0228750892), DesiredAngle = nil},
        ["Right Arm"] = {C0 = CFrame.new(1.00001907, 0.361341119, -0.00526966387, -0.134951755, -0.0774431154, 0.987821102, -0.130981773, 0.989586353, 0.0596873537, -0.982156694, -0.12133164, -0.143690065), DesiredAngle = nil},
        ["Head"] = {C0 = CFrame.new(-8.73050539e-08, 1, -6.53951071e-09, -0.999999702, -0.000776896835, -1.37307154e-06, 1.37307154e-06, -0.00353919691, 0.999993742, -0.000776896835, 0.999993443, 0.00353919691), DesiredAngle = nil},
        ["Torso"] = {C0 = CFrame.new(0, 0.0441376865, 0, -0.998972952, -0.0452738851, 0.00181984028, -0.00285406085, 0.102957875, 0.994681656, -0.0452204719, 0.993654847, -0.102981344), DesiredAngle = nil},
        ["Right Leg"] = {C0 = CFrame.new(1.00333476, -0.984785914, -0.40019387, -0.0286037717, -0.0563498177, 0.998001277, -0.136691466, 0.989251196, 0.0519380532, -0.990200639, -0.134932622, -0.0359988362), DesiredAngle = nil},
        ["Left Arm"] = {C0 = CFrame.new(-0.999973953, 0.379490286, -0.00458938163, 0.0458868071, 0.0150968386, -0.998832583, -0.103314072, 0.994595587, 0.0102864904, 0.993589759, 0.102721438, 0.047198534), DesiredAngle = nil},
    }
},

{
    Time = 0.066,
    Motors = {
        ["Left Leg"] = {C0 = CFrame.new(-0.999255836, -0.996636808, -0.088616021, -0.0466402061, -0.0127757331, -0.99883002, 0.368574798, 0.929142654, -0.0290949233, 0.928427339, -0.369500577, -0.0386265926), DesiredAngle = nil},
        ["Right Arm"] = {C0 = CFrame.new(1.00001085, 0.422896683, -0.0029303187, -0.0678159222, -0.0724731386, 0.995062113, -0.358203709, 0.93262887, 0.0435134843, -0.931177258, -0.353484035, -0.0892072394), DesiredAngle = nil},
        ["Head"] = {C0 = CFrame.new(-8.73650876e-08, 1, 9.05149555e-09, -0.999999702, -0.000776896835, -1.37307154e-06, 1.37307154e-06, -0.00353919691, 0.999993742, -0.000776896835, 0.999993443, 0.00353919691), DesiredAngle = nil},
        ["Torso"] = {C0 = CFrame.new(0, 0.0305068102, 0, -0.999586821, -0.0287318807, 0.000848578173, -0.00153848983, 0.0829567164, 0.996551931, -0.0287032072, 0.996138871, -0.0829666406), DesiredAngle = nil},
        ["Right Leg"] = {C0 = CFrame.new(1.00431788, -0.980336189, -0.517421603, -0.0298453998, -0.058755558, 0.997826159, -0.0572280027, 0.996733844, 0.0569795258, -0.99791491, -0.0554030277, -0.0331103727), DesiredAngle = nil},
        ["Left Arm"] = {C0 = CFrame.new(-0.999981046, 0.432988793, -0.00255623483, -0.000321187079, -0.0581030995, -0.998310506, -0.300375074, 0.952215374, -0.0553236604, 0.953821123, 0.299849838, -0.0177585538), DesiredAngle = nil},
    }
},

{
    Time = 0.051,
    Motors = {
        ["Left Leg"] = {C0 = CFrame.new(-0.999699473, -0.998697639, -0.0342901684, -0.0569068827, -0.00699607283, -0.998354971, 0.416252494, 0.908750892, -0.0300948285, 0.907466471, -0.417280376, -0.0488020442), DesiredAngle = nil},
        ["Right Arm"] = {C0 = CFrame.new(1, 0.462875307, -0.00140524819, -0.0270011853, -0.0613090955, 0.997753561, -0.491288185, 0.870070338, 0.0401680954, -0.870578468, -0.48909992, -0.0536133647), DesiredAngle = nil},
        ["Head"] = {C0 = CFrame.new(-8.73869155e-08, 1, 9.31348065e-09, -0.999999702, -0.000776896835, -1.37307154e-06, 1.37307154e-06, -0.00353919691, 0.999993742, -0.000776896835, 0.999993443, 0.00353919691), DesiredAngle = nil},
        ["Torso"] = {C0 = CFrame.new(0, 0.0165702309, 0, -0.999931097, -0.0117393443, 0.000193789412, -0.000538905791, 0.0623784289, 0.998052418, -0.0117285689, 0.997983515, -0.0623804554), DesiredAngle = nil},
        ["Right Leg"] = {C0 = CFrame.new(1.00494635, -0.977437317, -0.593543053, -0.0307426844, -0.0602052025, 0.997712493, -0.00567487255, 0.99817872, 0.0600584783, -0.999511242, -0.00381553639, -0.0310283508), DesiredAngle = nil},
        ["Left Arm"] = {C0 = CFrame.new(-0.999990523, 0.467734575, -0.00123078201, -0.0215009395, -0.108231649, -0.993893147, -0.419962943, 0.903140664, -0.089263916, 0.907286525, 0.415479064, -0.0648716614), DesiredAngle = nil},
    }
},

{
    Time = 0.065,
    Motors = {
        ["Left Leg"] = {C0 = CFrame.new(-1.00007153, -1.00038636, 0.00998917129, -0.0649587885, -0.00184365269, -0.99788624, 0.454095304, 0.890406489, -0.0312050357, 0.888581932, -0.455162525, -0.0570025332), DesiredAngle = nil},
        ["Right Arm"] = {C0 = CFrame.new(1, 0.495446473, -0.000163403907, 0.00363415107, -0.0482753515, 0.998827457, -0.588258326, 0.807624221, 0.0411744416, -0.808664918, -0.587718189, -0.0254633483), DesiredAngle = nil},
        ["Head"] = {C0 = CFrame.new(-8.74160193e-08, 0.999999881, 2.65579847e-09, -0.999999702, -0.000776896835, -1.37307154e-06, 1.37307154e-06, -0.00353919691, 0.999993742, -0.000776896835, 0.999993443, 0.00353919691), DesiredAngle = nil},
        ["Torso"] = {C0 = CFrame.new(0, 0.00228737015, 0, -0.999984741, 0.00552334962, -0.000114216338, 0.000114216338, 0.0413393192, 0.99914515, 0.00552334962, 0.999129891, -0.0413393192), DesiredAngle = nil},
        ["Right Leg"] = {C0 = CFrame.new(1.00547338, -0.975085735, -0.655575395, -0.0315123014, -0.0613676682, 0.997617662, 0.0361482054, 0.997390389, 0.0624955297, -0.998849452, 0.0380314738, -0.0292117242), DesiredAngle = nil},
        ["Left Arm"] = {C0 = CFrame.new(-0.999990523, 0.49604249, -0.000151483371, -0.0335686393, -0.149239048, -0.988231182, -0.510098159, 0.852862537, -0.111468956, 0.85946089, 0.500353038, -0.104755998), DesiredAngle = nil},
    }
},






}
return keyFrames
