local keyFrames = {

{
    Time = 0.067,
    Motors = {
        ["Left Leg"] = {C0 = CFrame.new(-0.97580725, -0.924159825, -0.423659444, -0.031407278, -0.0233859196, -0.999233067, -0.589838207, 0.807521343, -0.000359691679, 0.806910455, 0.589374483, -0.0391559564), DesiredAngle = nil},
        ["Right Arm"] = {C0 = CFrame.new(1.00793016, 0.312046349, -0.232530162, -0.0386539176, -0.11976251, 0.992049813, 0.601099372, 0.790290952, 0.118826777, -0.798238993, 0.600913644, 0.0414413139), DesiredAngle = nil},
        ["Head"] = {C0 = CFrame.new(-7.5160834e-08, 1.00000012, 1.41749634e-08, -0.99981904, -0.0181675088, -0.00564467767, -0.00475454098, -0.0486716218, 0.998803496, -0.0184205081, 0.998649597, 0.0485764332), DesiredAngle = nil},
        ["Torso"] = {C0 = CFrame.new(0.00224051438, -0.185624465, -0.0302072, -0.999768078, 0.0192421544, 0.00966830272, 0.0114512453, 0.0948170274, 0.99542886, 0.0182374772, 0.995308757, -0.0950153917), DesiredAngle = nil},
        ["Right Leg"] = {C0 = CFrame.new(0.973687768, -0.982731998, 0.255500257, 0.0802702829, 0.00380961224, 0.996765852, -0.410485774, 0.911387324, 0.0295734182, -0.908327103, -0.411532074, 0.0747211054), DesiredAngle = nil},
        ["Left Arm"] = {C0 = CFrame.new(-1.02414334, 0.365288556, 0.174242362, 0.0498567261, 0.0898483321, -0.99470681, 0.573340595, 0.812922359, 0.102165394, 0.817798793, -0.575399458, -0.0109840445), DesiredAngle = nil},
    }
},

{
    Time = 0.066,
    Motors = {
        ["Left Leg"] = {C0 = CFrame.new(-0.980626702, -0.994739056, -0.44820869, -0.0916119665, -0.0627279505, -0.99381721, -0.77351445, 0.633002937, 0.0313500315, 0.627122641, 0.771603882, -0.106511608), DesiredAngle = nil},
        ["Right Arm"] = {C0 = CFrame.new(1.0089004, 0.281880826, -0.272553325, -0.0965737477, -0.174855143, 0.979846597, 0.85332793, 0.492207736, 0.171939284, -0.512352526, 0.852735221, 0.10167443), DesiredAngle = nil},
        ["Head"] = {C0 = CFrame.new(-8.65813519e-08, 0.99999994, -3.07341104e-08, -0.997521043, -0.0697310492, -0.00945425779, -0.00371463178, -0.0819860026, 0.996626556, -0.0702709332, 0.99419111, 0.0815237388), DesiredAngle = nil},
        ["Torso"] = {C0 = CFrame.new(-0.00204924587, -0.288286597, -0.0887943879, -0.997404635, 0.0713600442, 0.00957536139, 0.0186361261, 0.127411783, 0.991674781, 0.069545947, 0.989279509, -0.128410995), DesiredAngle = nil},
        ["Right Leg"] = {C0 = CFrame.new(0.971406817, -0.976906419, 0.290258437, 0.0867554694, 0.0534667373, 0.994793832, -0.626831234, 0.779050052, 0.0127943736, -0.774310112, -0.624677837, 0.101101473), DesiredAngle = nil},
        ["Left Arm"] = {C0 = CFrame.new(-1.03181529, 0.355207086, 0.231983125, 0.0354459211, 0.149372011, -0.98814553, 0.717739284, 0.684224904, 0.129176289, 0.69540906, -0.713809669, -0.0829571858), DesiredAngle = nil},
    }
},

{
    Time = 0.067,
    Motors = {
        ["Left Leg"] = {C0 = CFrame.new(-0.974129856, -0.948903501, -0.495909452, -0.0994486958, -0.0623379871, -0.993088007, -0.716683328, 0.696835279, 0.0280276258, 0.690271616, 0.714516938, -0.113975957), DesiredAngle = nil},
        ["Right Arm"] = {C0 = CFrame.new(1.00856185, 0.282818556, -0.269736439, -0.0997321159, -0.171345592, 0.980150104, 0.842125416, 0.510142803, 0.174868792, -0.529979467, 0.842849374, 0.0934168547), DesiredAngle = nil},
        ["Head"] = {C0 = CFrame.new(-8.05135727e-08, 0.999999762, -2.55425237e-09, -0.99677217, -0.0794982985, -0.0111910636, -0.00143024232, -0.121789917, 0.992554843, -0.0802693889, 0.989367068, 0.121283099), DesiredAngle = nil},
        ["Torso"] = {C0 = CFrame.new(-0.00362023502, -0.305104047, -0.105899259, -0.996596634, 0.0820418298, 0.00801977888, 0.0220640693, 0.171745598, 0.984894216, 0.0794251561, 0.981719196, -0.172971249), DesiredAngle = nil},
        ["Right Leg"] = {C0 = CFrame.new(0.988242686, -0.940959275, 0.217356995, 0.0845357329, 0.0637655109, 0.99437803, -0.628407061, 0.777876675, 0.00354105234, -0.77327764, -0.625173509, 0.105829075), DesiredAngle = nil},
        ["Left Arm"] = {C0 = CFrame.new(-1.02744401, 0.364220798, 0.212221563, 0.0373429582, 0.150086731, -0.987967372, 0.676956713, 0.723444641, 0.135489315, 0.735074818, -0.673870742, -0.0745866671), DesiredAngle = nil},
    }
},

{
    Time = 0.067,
    Motors = {
        ["Left Leg"] = {C0 = CFrame.new(-0.946969628, -0.79607898, -0.641440809, -0.115926638, -0.0283010788, -0.992854536, -0.322871268, 0.946382165, 0.0107223419, 0.939316332, 0.321807206, -0.118848503), DesiredAngle = nil},
        ["Right Arm"] = {C0 = CFrame.new(0.998515069, 0.310891628, -0.216999114, -0.0451333746, -0.109751716, 0.99293375, 0.616638541, 0.778930068, 0.11412634, -0.785951555, 0.617432117, 0.0325213969), DesiredAngle = nil},
        ["Head"] = {C0 = CFrame.new(-8.30536706e-08, 1, -1.92513987e-08, -0.996016502, -0.0886051431, -0.0100105815, 0.00246494683, -0.139581814, 0.990207434, -0.0891347751, 0.986238301, 0.139244214), DesiredAngle = nil},
        ["Torso"] = {C0 = CFrame.new(-0.00362023525, -0.26311931, -0.0716561899, -0.995716572, 0.0923540369, 0.00437863823, 0.0237213634, 0.209405482, 0.977541089, 0.0893629566, 0.973457754, -0.21069929), DesiredAngle = nil},
        ["Right Leg"] = {C0 = CFrame.new(1.01921082, -0.825933695, -0.107281946, 0.1093584, 0.0648621172, 0.991883874, -0.525774896, 0.850620508, 0.00234388933, -0.843564749, -0.52176398, 0.127125368), DesiredAngle = nil},
        ["Left Arm"] = {C0 = CFrame.new(-1.0193665, 0.366132766, 0.115002923, 0.0280206483, 0.12325301, -0.991979599, 0.395805717, 0.909892142, 0.124234088, 0.917906702, -0.396112323, -0.0232884828), DesiredAngle = nil},
    }
},

{
    Time = 0.240,
    Motors = {
        ["Left Leg"] = {C0 = CFrame.new(-0.972253084, -0.954158127, -0.00628513657, -0.0359786376, 0.056163583, -0.997773111, 0.102330066, 0.99337858, 0.0522263013, 0.994099617, -0.100223161, -0.0414876342), DesiredAngle = nil},
        ["Right Arm"] = {C0 = CFrame.new(0.984487414, 0.403829157, 0.0241764188, 0.0269657299, -0.064841114, 0.997531235, 0.0127615705, 0.9978351, 0.0645158961, -0.999554873, 0.0109903608, 0.0277348198), DesiredAngle = nil},
        ["Head"] = {C0 = CFrame.new(-8.30933757e-08, 0.99999994, 1.80933206e-08, -0.998535812, -0.0493519492, 0.0221500173, 0.0226166584, -0.00891691819, 0.999704421, -0.0491398536, 0.998741627, 0.010020053), DesiredAngle = nil},
        ["Torso"] = {C0 = CFrame.new(-0.00361589575, -0.179674327, -0.063293241, -0.998778045, 0.0466466881, -0.0163261946, -0.0123119615, 0.0850834101, 0.996297777, 0.0478630699, 0.995281339, -0.0844051391), DesiredAngle = nil},
        ["Right Leg"] = {C0 = CFrame.new(0.995690048, -0.693832934, -0.633379877, 0.0139454463, 0.0183139089, 0.999734998, -0.201809645, 0.97930795, -0.0151246348, -0.979325473, -0.201545238, 0.0173528139), DesiredAngle = nil},
        ["Left Arm"] = {C0 = CFrame.new(-1.0132724, 0.372479618, -0.0203137416, -0.0453954265, 0.0916502029, -0.994755983, -0.109631717, 0.989310801, 0.0961515158, 0.992935121, 0.113421649, -0.0348624364), DesiredAngle = nil},
    }
},

{
    Time = 0.061,
    Motors = {
        ["Left Leg"] = {C0 = CFrame.new(-0.969971836, -0.979836583, 0.277160913, 0.0781565085, 0.00769758783, -0.996911347, 0.410414904, 0.911055505, 0.039210625, 0.908543408, -0.412211865, 0.068045713), DesiredAngle = nil},
        ["Right Arm"] = {C0 = CFrame.new(1.02295172, 0.35226202, 0.180927634, 0.0653007925, -0.0881019309, 0.993968725, -0.584692657, 0.803809226, 0.109659426, -0.80862242, -0.58832711, 0.000976819545), DesiredAngle = nil},
        ["Head"] = {C0 = CFrame.new(-8.44180974e-08, 1.00000024, 2.41665035e-08, -0.99981153, 0.00737680169, 0.0179584809, 0.0175912268, -0.0471490733, 0.998732924, 0.00821419619, 0.998860598, 0.047010418), DesiredAngle = nil},
        ["Torso"] = {C0 = CFrame.new(-0.0029721749, -0.20125021, -0.0371361449, -0.999899924, -0.00759183476, -0.0119364308, -0.0126589267, 0.103585497, 0.994540036, -0.0063139475, 0.994591594, -0.103671238), DesiredAngle = nil},
        ["Right Leg"] = {C0 = CFrame.new(0.973976433, -0.875175953, -0.506455719, -0.0202348828, 0.0214465186, 0.999565244, 0.57559222, 0.817715645, -0.00589267304, -0.817486465, 0.575222671, -0.0288908295), DesiredAngle = nil},
        ["Left Arm"] = {C0 = CFrame.new(-1.00951719, 0.294592381, -0.245840445, -0.0463267304, 0.122715056, -0.991360128, -0.595907748, 0.793103218, 0.126020968, 0.801715553, 0.596597254, 0.0363849737), DesiredAngle = nil},
    }
},

{
    Time = 0.066,
    Motors = {
        ["Left Leg"] = {C0 = CFrame.new(-0.970563054, -0.978754938, 0.293714523, 0.0929549187, -0.0483714864, -0.994494617, 0.607851148, 0.793842256, 0.0182036404, 0.788591325, -0.60619688, 0.103194207), DesiredAngle = nil},
        ["Right Arm"] = {C0 = CFrame.new(1.03122079, 0.351555616, 0.229783714, 0.0365744382, -0.143637478, 0.988954306, -0.713252366, 0.689396083, 0.126507282, -0.699952424, -0.710000932, -0.0772354826), DesiredAngle = nil},
        ["Head"] = {C0 = CFrame.new(-8.82314239e-08, 1, 2.21109353e-08, -0.997534275, 0.0671671554, 0.0203454308, 0.015152473, -0.0769372433, 0.996920764, 0.0685256645, 0.994770944, 0.0757297873), DesiredAngle = nil},
        ["Torso"] = {C0 = CFrame.new(0.00100516179, -0.273658186, -0.0720001683, -0.997681856, -0.0674004406, -0.00938296132, -0.0176357049, 0.122914411, 0.992260575, -0.0657255054, 0.990125895, -0.123818137), DesiredAngle = nil},
        ["Right Leg"] = {C0 = CFrame.new(0.978802979, -0.988560319, -0.450522631, -0.0876990855, 0.0591533855, 0.994389176, 0.76654321, 0.641517401, 0.0294424202, -0.636176288, 0.764824331, -0.101604119), DesiredAngle = nil},
        ["Left Arm"] = {C0 = CFrame.new(-1.0089004, 0.281880766, -0.272561669, -0.0866744369, 0.16956076, -0.981701016, -0.836474836, 0.522840381, 0.164158136, 0.541107655, 0.835396469, 0.0965164155), DesiredAngle = nil},
    }
},

{
    Time = 0.067,
    Motors = {
        ["Left Leg"] = {C0 = CFrame.new(-0.981860876, -0.955171049, 0.247747689, 0.0786532983, -0.0619374178, -0.994976103, 0.641813219, 0.76685518, 0.00299876556, 0.762816846, -0.638824642, 0.100067936), DesiredAngle = nil},
        ["Right Arm"] = {C0 = CFrame.new(1.02912152, 0.363843977, 0.226030916, 0.0363049135, -0.153592646, 0.98746711, -0.705857337, 0.695537746, 0.134136677, -0.707423031, -0.701880753, -0.0831630602), DesiredAngle = nil},
        ["Head"] = {C0 = CFrame.new(-8.73928698e-08, 0.999999702, 1.89110523e-08, -0.996637106, 0.0782653615, 0.0242710114, 0.0153263174, -0.112925276, 0.993485272, 0.0804962888, 0.990516245, 0.111346006), DesiredAngle = nil},
        ["Torso"] = {C0 = CFrame.new(0.00362966256, -0.307715058, -0.111886866, -0.996830523, -0.0790617913, -0.0088390559, -0.02140918, 0.159591988, 0.986950874, -0.0766194612, 0.984012008, -0.160778806), DesiredAngle = nil},
        ["Right Leg"] = {C0 = CFrame.new(0.979922295, -0.981351376, -0.464384884, -0.0960045531, 0.0649067387, 0.99326247, 0.757789671, 0.651778638, 0.0306529552, -0.645397604, 0.755626857, -0.111759357), DesiredAngle = nil},
        ["Left Arm"] = {C0 = CFrame.new(-1.00883198, 0.282079041, -0.271792561, -0.106887318, 0.177980423, -0.978211761, -0.86135006, 0.474857926, 0.180515945, 0.496639878, 0.861877561, 0.102547176), DesiredAngle = nil},
    }
},

{
    Time = 0.067,
    Motors = {
        ["Left Leg"] = {C0 = CFrame.new(-1.01541245, -0.853144765, -0.0180828869, 0.109349482, -0.0665450543, -0.991773367, 0.544937909, 0.838467658, 0.00382426754, 0.831315458, -0.54087311, 0.127948925), DesiredAngle = nil},
        ["Right Arm"] = {C0 = CFrame.new(1.02077699, 0.365116835, 0.131963104, 0.0337714627, -0.128911197, 0.99108094, -0.460364521, 0.878172755, 0.129912168, -0.887087405, -0.460645795, -0.0296889413), DesiredAngle = nil},
        ["Head"] = {C0 = CFrame.new(-9.00748489e-08, 0.999999881, -1.12051373e-08, -0.995387256, 0.0925979018, 0.0250971206, 0.0118059032, -0.14138341, 0.989884496, 0.0952095389, 0.985614717, 0.139638036), DesiredAngle = nil},
        ["Torso"] = {C0 = CFrame.new(0.00362966256, -0.275944859, -0.0758710578, -0.995745838, -0.0920061916, -0.00500385463, -0.0241719093, 0.208427623, 0.977739036, -0.0889151096, 0.973700583, -0.209764913), DesiredAngle = nil},
        ["Right Leg"] = {C0 = CFrame.new(0.948562443, -0.805471003, -0.635051072, -0.11481709, 0.037549179, 0.992676735, 0.408326238, 0.912747681, 0.0127029223, -0.905586421, 0.406794459, -0.120131351), DesiredAngle = nil},
        ["Left Arm"] = {C0 = CFrame.new(-1.00208592, 0.300543308, -0.235163465, -0.0560373142, 0.123407394, -0.990772605, -0.674336135, 0.727121115, 0.128707737, 0.736295164, 0.675326288, 0.0424721465), DesiredAngle = nil},
    }
},

{
    Time = 0.066,
    Motors = {
        ["Left Leg"] = {C0 = CFrame.new(-1.00729942, -0.722583413, -0.496118128, 0.0706691444, -0.0416450575, -0.996630073, 0.449789882, 0.893117964, -0.00542596914, 0.890334189, -0.447890699, 0.0818473995), DesiredAngle = nil},
        ["Right Arm"] = {C0 = CFrame.new(1.01485896, 0.372859299, 0.0721883923, -0.0165101849, -0.102989063, 0.99454546, -0.15984875, 0.982159317, 0.0990528166, -0.987003446, -0.15734145, -0.0326783247), DesiredAngle = nil},
        ["Head"] = {C0 = CFrame.new(-8.56795523e-08, 1, 5.47465397e-08, -0.997151494, 0.0753852576, 0.00244614482, -0.00186070707, -0.0570083186, 0.998371959, 0.0754019767, 0.995523572, 0.0569861978), DesiredAngle = nil},
        ["Torso"] = {C0 = CFrame.new(0.00362966256, -0.202452213, -0.0686475933, -0.997092426, -0.0757046118, 0.00869243219, -0.0014436557, 0.132817134, 0.991139531, -0.0761883333, 0.98824513, -0.132540241), DesiredAngle = nil},
        ["Right Leg"] = {C0 = CFrame.new(0.964077711, -0.876465023, -0.37606135, -0.0964718983, -0.0291226525, 0.994909585, 0.0790257752, 0.996192276, 0.0368229486, -0.99219358, 0.0821758658, -0.0938031301), DesiredAngle = nil},
        ["Left Arm"] = {C0 = CFrame.new(-0.986184359, 0.376900911, -0.103921428, -0.00757363345, 0.0735092759, -0.997265756, -0.364973813, 0.9282915, 0.0711968839, 0.930987, 0.364515096, 0.0197984241), DesiredAngle = nil},
    }
},



}
return keyFrames
