local keyFrames = {


{
    Time = 0.067,
    Motors = {
        ["Left Leg"] = {C0 = CFrame.new(-0.999602854, -0.99823612, -0.0466334559, -0.0546318777, -0.00833583158, -0.998471797, 0.405538529, 0.913591564, -0.0298164375, 0.912443936, -0.406547695, -0.0465307198), DesiredAngle = nil},
        ["Right Arm"] = {C0 = CFrame.new(1, 0.453790426, -0.00174838211, -0.0360181704, -0.0643381029, 0.997277915, -0.462285578, 0.885807991, 0.0404506251, -0.885999262, -0.459570229, -0.0616477653), DesiredAngle = nil},
        ["Head"] = {C0 = CFrame.new(-8.72432082e-08, 1, 1.22057786e-09, -0.999999702, -0.000776896835, -1.37307154e-06, 1.37307154e-06, -0.00353919691, 0.999993742, -0.000776896835, 0.999993443, 0.00353919691), DesiredAngle = nil},
        ["Torso"] = {C0 = CFrame.new(1.43676107e-06, 0.0222859625, 0, -0.998972178, 0.0452925153, 0.00178817566, 0.00442278851, 0.0581359416, 0.998298883, 0.0451115109, 0.997280717, -0.0582765043), DesiredAngle = nil},
        ["Right Leg"] = {C0 = CFrame.new(1.0048095, -0.978091061, -0.576256394, -0.030523248, -0.0598686114, 0.997739434, -0.0173817072, 0.998085439, 0.0593576133, -0.999382913, -0.0155306067, -0.0315054394), DesiredAngle = nil},
        ["Left Arm"] = {C0 = CFrame.new(-0.999990523, 0.459838808, -0.00152900279, -0.0172972642, -0.096740447, -0.995159328, -0.393562794, 0.915618241, -0.0821674988, 0.919134974, 0.390236437, -0.0539111383), DesiredAngle = nil},
    }
},

{
    Time = 0.051,
    Motors = {
        ["Left Leg"] = {C0 = CFrame.new(-0.99906975, -0.995835423, -0.109610438, -0.0426039696, -0.0149167357, -0.998980701, 0.349859834, 0.936356127, -0.028902255, 0.935832798, -0.350734591, -0.0346737206), DesiredAngle = nil},
        ["Right Arm"] = {C0 = CFrame.new(1.00001085, 0.40745014, -0.00351855089, -0.0843110606, -0.0752703846, 0.993592501, -0.303341687, 0.951753378, 0.0463608466, -0.949144602, -0.297489285, -0.103075974), DesiredAngle = nil},
        ["Head"] = {C0 = CFrame.new(-8.748151e-08, 1, 2.59759614e-09, -0.999999702, -0.000776896835, -1.37307154e-06, 1.37307154e-06, -0.00353919691, 0.999993742, -0.000776896835, 0.999993443, 0.00353919691), DesiredAngle = nil},
        ["Torso"] = {C0 = CFrame.new(1.43676107e-06, 0.03774371, 0, -0.997474849, 0.0709695593, 0.00269863801, 0.00781911984, 0.0719721317, 0.997376025, 0.0705891028, 0.99487859, -0.0723453015), DesiredAngle = nil},
        ["Right Leg"] = {C0 = CFrame.new(1.00407469, -0.981451154, -0.488007396, -0.0295501947, -0.058114022, 0.997872531, -0.0772034675, 0.995458961, 0.0556872189, -0.996577322, -0.075393647, -0.0339026153), DesiredAngle = nil},
        ["Left Arm"] = {C0 = CFrame.new(-0.999981046, 0.419564039, -0.00306747295, 0.00971547887, -0.0391273983, -0.999186993, -0.252095044, 0.96686244, -0.040312808, 0.967653751, 0.252281725, -0.000470284838), DesiredAngle = nil},
    }
},

{
    Time = 0.051,
    Motors = {
        ["Left Leg"] = {C0 = CFrame.new(-0.998497307, -0.99323076, -0.178161681, -0.0291259252, -0.0212763269, -0.999349296, 0.287521869, 0.957342148, -0.0287617762, 0.957331121, -0.288172513, -0.0217660703), DesiredAngle = nil},
        ["Right Arm"] = {C0 = CFrame.new(1.00002182, 0.357003033, -0.00543578016, -0.139739558, -0.0771720409, 0.987176418, -0.114386477, 0.991541922, 0.0613213517, -0.983559132, -0.104350619, -0.147385076), DesiredAngle = nil},
        ["Head"] = {C0 = CFrame.new(-8.88203218e-08, 1.00000012, 2.55393906e-09, -0.999999702, -0.000776896835, -1.37307154e-06, 1.37307154e-06, -0.00353919691, 0.999993742, -0.000776896835, 0.999993443, 0.00353919691), DesiredAngle = nil},
        ["Torso"] = {C0 = CFrame.new(1.43676107e-06, 0.0463915765, 0, -0.996349514, 0.0853129104, 0.00305050216, 0.00987557881, 0.0796935558, 0.996770501, 0.0847942904, 0.993161976, -0.0802451521), DesiredAngle = nil},
        ["Right Leg"] = {C0 = CFrame.new(1.00326383, -0.985100091, -0.391938448, -0.0285272077, -0.0561762638, 0.998013258, -0.142276302, 0.988482535, 0.0515729822, -0.989415824, -0.140522406, -0.0361911803), DesiredAngle = nil},
        ["Left Arm"] = {C0 = CFrame.new(-0.999971569, 0.375719994, -0.00473375479, 0.0497306883, 0.0199187864, -0.998564005, -0.0891533643, 0.995898485, 0.015425602, 0.994775653, 0.0882582217, 0.0513025373), DesiredAngle = nil},
    }
},

{
    Time = 0.051,
    Motors = {
        ["Left Leg"] = {C0 = CFrame.new(-0.997896254, -0.990482986, -0.250605613, -0.0143872984, -0.0269670021, -0.999532759, 0.220291898, 0.97498858, -0.0294756945, 0.975327909, -0.220613047, -0.00808684342), DesiredAngle = nil},
        ["Right Arm"] = {C0 = CFrame.new(1.00002182, 0.303701878, -0.00746194273, -0.198056921, -0.0671407655, 0.977888346, 0.0916260183, 0.992014766, 0.086668171, -0.975898623, 0.10676524, -0.190323547), DesiredAngle = nil},
        ["Head"] = {C0 = CFrame.new(-8.748151e-08, 1.00000012, 7.99652167e-09, -0.999999702, -0.000776896835, -1.37307154e-06, 1.37307154e-06, -0.00353919691, 0.999993742, -0.000776896835, 0.999993443, 0.00353919691), DesiredAngle = nil},
        ["Torso"] = {C0 = CFrame.new(0, 0.0450553894, 0, -0.996416509, 0.0845300853, 0.00296054524, 0.00962135661, 0.0785001516, 0.996867657, 0.0840329081, 0.993323922, -0.079032138), DesiredAngle = nil},
        ["Right Leg"] = {C0 = CFrame.new(1.00241232, -0.988972068, -0.29041639, -0.0276813526, -0.0539551713, 0.998159587, -0.210454926, 0.976475656, 0.0469466336, -0.977211595, -0.208768055, -0.0383852981), DesiredAngle = nil},
        ["Left Arm"] = {C0 = CFrame.new(-0.999971569, 0.329395473, -0.00649471162, 0.10249117, 0.074596405, -0.991932929, 0.0846249238, 0.992915213, 0.0834141374, 0.991127729, -0.0924914703, 0.0954523236), DesiredAngle = nil},
    }
},

{
    Time = 0.226,
    Motors = {
        ["Left Leg"] = {C0 = CFrame.new(-0.99712342, -0.986962378, -0.343171239, 0.00490732212, -0.0327656306, -0.999451041, 0.132909656, 0.990617096, -0.0318234302, 0.991115987, -0.132680535, 0.00921615213), DesiredAngle = nil},
        ["Right Arm"] = {C0 = CFrame.new(1.00003266, 0.235596687, -0.0100436658, -0.265906811, -0.0371025726, 0.963284492, 0.342504323, 0.930425286, 0.130382478, -0.901101768, 0.364598691, -0.234698609), DesiredAngle = nil},
        ["Head"] = {C0 = CFrame.new(-8.85583802e-08, 1, 1.19256587e-08, -0.999999702, -0.000776896835, -1.37307154e-06, 1.37307154e-06, -0.00353919691, 0.999993742, -0.000776896835, 0.999993443, 0.00353919691), DesiredAngle = nil},
        ["Torso"] = {C0 = CFrame.new(0, 0.0321820118, 0, -0.997483909, 0.0708562061, 0.00227587484, 0.00703576207, 0.0669995174, 0.997728169, 0.0705427453, 0.995233834, -0.0673294738), DesiredAngle = nil},
        ["Right Leg"] = {C0 = CFrame.new(1.00133801, -0.993898153, -0.160716265, -0.0267522037, -0.0510782227, 0.998336315, -0.295992494, 0.95431447, 0.0408942699, -0.954815567, -0.294406056, -0.0406487882), DesiredAngle = nil},
        ["Left Arm"] = {C0 = CFrame.new(-0.999962151, 0.270204604, -0.00873851124, 0.180857539, 0.128356338, -0.975097537, 0.294058293, 0.939037859, 0.178150505, 0.938520253, -0.318955392, 0.132087827), DesiredAngle = nil},
    }
},

{
    Time = 0.056,
    Motors = {
        ["Left Leg"] = {C0 = CFrame.new(-0.99652952, -0.984253943, -0.414377302, 0.0200269986, -0.0360543355, -0.999149144, 0.0652845949, 0.997263908, -0.0346777365, 0.997665703, -0.0645345598, 0.0223260056), DesiredAngle = nil},
        ["Right Arm"] = {C0 = CFrame.new(1.00004363, 0.183199644, -0.0120425951, -0.309092641, -0.00363840908, 0.95102495, 0.511128128, 0.842656553, 0.169345558, -0.802003562, 0.538439095, -0.258599281), DesiredAngle = nil},
        ["Head"] = {C0 = CFrame.new(-8.72559411e-08, 0.999999881, -4.05647338e-09, -0.999999702, -0.000776896835, -1.37307154e-06, 1.37307154e-06, -0.00353919691, 0.999993742, -0.000776896835, 0.999993443, 0.00353919691), DesiredAngle = nil},
        ["Torso"] = {C0 = CFrame.new(0, 0.0159580968, 0, -0.998756528, 0.0498403274, 0.0011730846, 0.00378718134, 0.0523876324, 0.998619676, 0.0497100763, 0.997382343, -0.052511245), DesiredAngle = nil},
        ["Right Leg"] = {C0 = CFrame.new(1.00049663, -0.997694075, -0.0609425865, -0.02623998, -0.0488724411, 0.998460293, -0.359902501, 0.932288349, 0.0361750722, -0.932620823, -0.358399093, -0.0420525409), DesiredAngle = nil},
        ["Left Arm"] = {C0 = CFrame.new(-0.999952674, 0.22466588, -0.0104758004, 0.245131344, 0.155192181, -0.956988037, 0.43557483, 0.864239573, 0.251723379, 0.866132379, -0.478545189, 0.144254416), DesiredAngle = nil},
    }
},

{
    Time = 0.066,
    Motors = {
        ["Left Leg"] = {C0 = CFrame.new(-0.99613595, -0.98248291, -0.460917711, 0.0299048498, -0.0375903137, -0.998845696, 0.021145694, 0.999092758, -0.0369665213, 0.999329031, -0.0200158097, 0.0306725912), DesiredAngle = nil},
        ["Right Arm"] = {C0 = CFrame.new(1.00005448, 0.148961872, -0.0133470744, -0.332220018, 0.0214779004, 0.942957282, 0.605817497, 0.771114588, 0.195876032, -0.722921193, 0.636334002, -0.269191384), DesiredAngle = nil},
        ["Head"] = {C0 = CFrame.new(-8.74142003e-08, 1, 2.82676837e-09, -0.999999702, -0.000776896835, -1.37307154e-06, 1.37307154e-06, -0.00353919691, 0.999993742, -0.000776896835, 0.999993443, 0.00353919691), DesiredAngle = nil},
        ["Torso"] = {C0 = CFrame.new(0, 0.00260196067, 0, -0.999728799, 0.0232894849, 4.82066243e-05, 0.000987373875, 0.0403170288, 0.999186456, 0.0232685935, 0.998915493, -0.0403290913), DesiredAngle = nil},
        ["Right Leg"] = {C0 = CFrame.new(0.999959469, -1.00016725, 0.00426224386, -0.0259811468, -0.0473868363, 0.998538673, -0.40067783, 0.915623546, 0.0330266915, -0.91585058, -0.399234205, -0.042775806), DesiredAngle = nil},
        ["Left Arm"] = {C0 = CFrame.new(-0.999943197, 0.194909453, -0.0116095347, 0.28718096, 0.16589655, -0.943400979, 0.515959978, 0.803006411, 0.298271775, 0.807039261, -0.572415113, 0.145012155), DesiredAngle = nil},
    }
},

{
    Time = 0.066,
    Motors = {
        ["Left Leg"] = {C0 = CFrame.new(-0.996110916, -0.982368469, -0.463919461, 0.0305395089, -0.0376820303, -0.998823047, 0.0183110796, 0.999142528, -0.037134219, 0.999365807, -0.0171554871, 0.0312033109), DesiredAngle = nil},
        ["Right Arm"] = {C0 = CFrame.new(1.00005448, 0.146753311, -0.0134287728, -0.333562732, 0.0231532678, 0.94244349, 0.611466169, 0.766201794, 0.197595179, -0.717526913, 0.642182708, -0.269733787), DesiredAngle = nil},
        ["Head"] = {C0 = CFrame.new(-8.73832775e-08, 1.00000012, 5.14608933e-09, -0.999999702, -0.000776896835, -1.37307154e-06, 1.37307154e-06, -0.00353919691, 0.999993742, -0.000776896835, 0.999993443, 0.00353919691), DesiredAngle = nil},
        ["Torso"] = {C0 = CFrame.new(0, 0.00186528265, 0, -0.999996543, -0.00263537909, -9.74257637e-05, -0.000204639422, 0.0407137871, 0.99917084, -0.0026292277, 0.999167383, -0.040714182), DesiredAngle = nil},
        ["Right Leg"] = {C0 = CFrame.new(0.999924004, -1.00032437, 0.00846352242, -0.0259614848, -0.0473015308, 0.998543203, -0.403280139, 0.914487302, 0.032834731, -0.914708257, -0.40184021, -0.0428172164), DesiredAngle = nil},
        ["Left Arm"] = {C0 = CFrame.new(-0.999943197, 0.192989975, -0.0116805397, 0.289874613, 0.166414738, -0.942485452, 0.520771623, 0.798791289, 0.301213235, 0.802975535, -0.578133702, 0.144885287), DesiredAngle = nil},
    }
},

{
    Time = 0.051,
    Motors = {
        ["Left Leg"] = {C0 = CFrame.new(-0.996350586, -0.983423889, -0.4361054, 0.0246492475, -0.0368442908, -0.999016941, 0.0447022654, 0.998361647, -0.0357171521, 0.998696208, -0.0437779091, 0.0262559056), DesiredAngle = nil},
        ["Right Arm"] = {C0 = CFrame.new(1.00004363, 0.167221934, -0.0126471752, -0.320394069, 0.00780333579, 0.947252214, 0.556999385, 0.810388327, 0.181720942, -0.766224086, 0.585841238, -0.263990074), DesiredAngle = nil},
        ["Head"] = {C0 = CFrame.new(-8.72850521e-08, 1.00000012, 3.81818888e-09, -0.999999702, -0.000776896835, -1.37307154e-06, 1.37307154e-06, -0.00353919691, 0.999993742, -0.000776896835, 0.999993443, 0.00353919691), DesiredAngle = nil},
        ["Torso"] = {C0 = CFrame.new(0, 0.0112182442, 0, -0.999808371, -0.0195765272, 0.000124057551, -0.000943774008, 0.0545286871, 0.998511791, -0.0195541568, 0.998320282, -0.0545367114), DesiredAngle = nil},
        ["Right Leg"] = {C0 = CFrame.new(1.00024831, -0.998849571, -0.0304992571, -0.0261629522, -0.0481917895, 0.9984954, -0.379059911, 0.92472136, 0.0346988551, -0.925002217, -0.377581775, -0.0424610153), DesiredAngle = nil},
        ["Left Arm"] = {C0 = CFrame.new(-0.999952674, 0.210779458, -0.0110012461, 0.26480785, 0.160869479, -0.950788021, 0.47437492, 0.836698472, 0.273686111, 0.839550614, -0.523504198, 0.145251855), DesiredAngle = nil},
    }
},

{
    Time = 0.065,
    Motors = {
        ["Left Leg"] = {C0 = CFrame.new(-0.996908724, -0.985974908, -0.369089067, 0.0103620747, -0.0340558998, -0.999366224, 0.108319774, 0.993576944, -0.0327354781, 0.994062066, -0.107911915, 0.0139844613), DesiredAngle = nil},
        ["Right Arm"] = {C0 = CFrame.new(1.00004363, 0.216527879, -0.0107707968, -0.282604426, -0.0257771388, 0.95889014, 0.40683493, 0.902056277, 0.144151866, -0.868688703, 0.430847973, -0.244438067), DesiredAngle = nil},
        ["Head"] = {C0 = CFrame.new(-8.68939622e-08, 0.99999994, 2.42114906e-09, -0.999999702, -0.000776896835, -1.37307154e-06, 1.37307154e-06, -0.00353919691, 0.999993742, -0.000776896835, 0.999993443, 0.00353919691), DesiredAngle = nil},
        ["Torso"] = {C0 = CFrame.new(1.43676107e-06, 0.0293523092, 0, -0.999309361, -0.0371455736, 0.0009938851, -0.00202871487, 0.0812460631, 0.996692061, -0.0371034481, 0.996001661, -0.0812653154), DesiredAngle = nil},
        ["Right Leg"] = {C0 = CFrame.new(1.0010339, -0.99527663, -0.124404073, -0.0266062543, -0.0503048748, 0.998379469, -0.319467872, 0.946786344, 0.0391916335, -0.947223544, -0.317907423, -0.0412612259), DesiredAngle = nil},
        ["Left Arm"] = {C0 = CFrame.new(-0.999952674, 0.253631741, -0.00937046763, 0.204079598, 0.13961345, -0.968947709, 0.347969234, 0.914795876, 0.20510003, 0.915024042, -0.379020691, 0.138110012), DesiredAngle = nil},
    }
},

{
    Time = 0.051,
    Motors = {
        ["Left Leg"] = {C0 = CFrame.new(-0.997448981, -0.988447189, -0.303922534, -0.00331007037, -0.0305346847, -0.999528229, 0.17011404, 0.984947503, -0.0306526124, 0.985418797, -0.17013526, 0.00193414092), DesiredAngle = nil},
        ["Right Arm"] = {C0 = CFrame.new(1.00003266, 0.264474899, -0.00895160995, -0.238409653, -0.0519594699, 0.96977371, 0.239323124, 0.964629412, 0.110519186, -0.94121474, 0.25843811, -0.217541859), DesiredAngle = nil},
        ["Head"] = {C0 = CFrame.new(-8.72614052e-08, 1.00000012, 2.96322855e-09, -0.999999702, -0.000776896835, -1.37307154e-06, 1.37307154e-06, -0.00353919691, 0.999993742, -0.000776896835, 0.999993443, 0.00353919691), DesiredAngle = nil},
        ["Torso"] = {C0 = CFrame.new(1.43676107e-06, 0.0413413495, 0, -0.998962164, -0.0455176346, 0.00167299737, -0.00283661368, 0.0988295153, 0.995100379, -0.0454599597, 0.994062841, -0.0988560542), DesiredAngle = nil},
        ["Right Leg"] = {C0 = CFrame.new(1.00179911, -0.991810143, -0.215729222, -0.0271048099, -0.0523154959, 0.998262703, -0.259992003, 0.964630723, 0.0434936658, -0.965230286, -0.258361459, -0.0397477448), DesiredAngle = nil},
        ["Left Arm"] = {C0 = CFrame.new(-0.999962151, 0.295302927, -0.00778939528, 0.14650625, 0.10802497, -0.983293712, 0.208009243, 0.968430519, 0.137384519, 0.967092574, -0.224661857, 0.119410932), DesiredAngle = nil},
    }
},

{
    Time = 0.066,
    Motors = {
        ["Left Leg"] = {C0 = CFrame.new(-0.998246849, -0.992085814, -0.208229959, -0.0230177138, -0.0237697288, -0.999452472, 0.259771258, 0.965236485, -0.0289385952, 0.965395808, -0.260295123, -0.0160428416), DesiredAngle = nil},
        ["Right Arm"] = {C0 = CFrame.new(1.00002182, 0.334889412, -0.0062691262, -0.164208934, -0.0745263621, 0.983606219, -0.0288902167, 0.997077465, 0.0707239583, -0.986002445, -0.0168030877, -0.165882125), DesiredAngle = nil},
        ["Head"] = {C0 = CFrame.new(-8.83109834e-08, 1.00000012, -4.62029526e-09, -0.999999702, -0.000776896835, -1.37307154e-06, 1.37307154e-06, -0.00353919691, 0.999993742, -0.000776896835, 0.999993443, 0.00353919691), DesiredAngle = nil},
        ["Torso"] = {C0 = CFrame.new(0, 0.0466279313, 0, -0.998830378, -0.0483109914, 0.00197988981, -0.00318631902, 0.106625117, 0.994294167, -0.0482464395, 0.993124902, -0.106654339), DesiredAngle = nil},
        ["Right Leg"] = {C0 = CFrame.new(1.00290906, -0.986701608, -0.34981811, -0.0281573385, -0.0552344024, 0.99807632, -0.1706485, 0.984080434, 0.0496455804, -0.984929562, -0.16892235, -0.0371347666), DesiredAngle = nil},
        ["Left Arm"] = {C0 = CFrame.new(-0.999971569, 0.356500864, -0.0054580234, 0.0704859495, 0.0437301099, -0.996553779, -0.0167122483, 0.998950124, 0.0426532105, 0.997372746, 0.0136481868, 0.0711427778), DesiredAngle = nil},
    }
},

{
    Time = 0.052,
    Motors = {
        ["Left Leg"] = {C0 = CFrame.new(-0.998847961, -0.994787097, -0.137396127, -0.0372182131, -0.0175778456, -0.999152541, 0.324772954, 0.945355535, -0.0287291333, 0.945059419, -0.325566947, -0.0294756293), DesiredAngle = nil},
        ["Right Arm"] = {C0 = CFrame.new(1.00001085, 0.387003124, -0.00428926246, -0.10663449, -0.0773537084, 0.991284788, -0.228160307, 0.972269773, 0.0513262413, -0.967766464, -0.220698699, -0.121326528), DesiredAngle = nil},
        ["Head"] = {C0 = CFrame.new(-8.72395773e-08, 1, -8.96826058e-10, -0.999999702, -0.000776896835, -1.37307154e-06, 1.37307154e-06, -0.00353919691, 0.999993742, -0.000776896835, 0.999993443, 0.00353919691), DesiredAngle = nil},
        ["Torso"] = {C0 = CFrame.new(0, 0.0396603867, 0, -0.999204636, -0.0398483053, 0.00147227803, -0.00237742532, 0.0963889882, 0.995340884, -0.0398045555, 0.994545758, -0.0964070633), DesiredAngle = nil},
        ["Right Leg"] = {C0 = CFrame.new(1.0037452, -0.982931018, -0.449059486, -0.0291391462, -0.0573336482, 0.997929752, -0.103623621, 0.99314779, 0.0540331379, -0.99418962, -0.101834603, -0.0348806083), DesiredAngle = nil},
        ["Left Arm"] = {C0 = CFrame.new(-0.999981046, 0.401793361, -0.00373730529, 0.0246470477, -0.014496116, -0.999591112, -0.186702088, 0.98223573, -0.0188479703, 0.982107341, 0.187090293, 0.0215027537), DesiredAngle = nil},
    }
},

{
    Time = 0.065,
    Motors = {
        ["Left Leg"] = {C0 = CFrame.new(-0.999531329, -0.997906983, -0.0552920625, -0.0530040637, -0.00926887523, -0.99855125, 0.397967428, 0.916920781, -0.0296356454, 0.91586709, -0.398961693, -0.0449118167), DesiredAngle = nil},
        ["Right Arm"] = {C0 = CFrame.new(1, 0.447417617, -0.0019907665, -0.0424313247, -0.0663057715, 0.996896744, -0.441485226, 0.896339238, 0.0408263616, -0.896264732, -0.438382864, -0.0673058778), DesiredAngle = nil},
        ["Head"] = {C0 = CFrame.new(-8.72777832e-08, 1.00000012, 6.40844755e-09, -0.999999702, -0.000776896835, -1.37307154e-06, 1.37307154e-06, -0.00353919691, 0.999993742, -0.000776896835, 0.999993443, 0.00353919691), DesiredAngle = nil},
        ["Torso"] = {C0 = CFrame.new(0, 0.0223632529, 0, -0.99982208, -0.0188579503, 0.000410584471, -0.000928168301, 0.0709282011, 0.997480989, -0.0188395698, 0.997303188, -0.0709330887), DesiredAngle = nil},
        ["Right Leg"] = {C0 = CFrame.new(1.00470817, -0.978552282, -0.564123213, -0.0303677041, -0.0596284494, 0.997758627, -0.0255952012, 0.997938097, 0.0588601679, -0.999211013, -0.0237503964, -0.0318312794), DesiredAngle = nil},
        ["Left Arm"] = {C0 = CFrame.new(-0.999990523, 0.454300165, -0.00173966121, -0.0141394231, -0.088705793, -0.995957494, -0.374749631, 0.923925519, -0.0769699514, 0.927018225, 0.372146398, -0.0463062301), DesiredAngle = nil},
    }
},

{
    Time = 0.066,
    Motors = {
        ["Left Leg"] = {C0 = CFrame.new(-0.999992847, -1.00000715, 7.85336597e-05, -0.0631657094, -0.00303821638, -0.997998416, 0.445661426, 0.894667089, -0.0309306234, 0.892970324, -0.446723163, -0.0551582649), DesiredAngle = nil},
        ["Right Arm"] = {C0 = CFrame.new(1, 0.488161534, -0.000441185606, -0.00302400533, -0.0514164641, 0.998672724, -0.567495763, 0.822373688, 0.0406213552, -0.823370755, -0.566619694, -0.0316654854), DesiredAngle = nil},
        ["Head"] = {C0 = CFrame.new(-8.74178383e-08, 0.99999994, 2.04822914e-09, -0.999999702, -0.000776896835, -1.37307154e-06, 1.37307154e-06, -0.00353919691, 0.999993742, -0.000776896835, 0.999993443, 0.00353919691), DesiredAngle = nil},
        ["Torso"] = {C0 = CFrame.new(0, 0.00573561061, 0, -0.999999106, 0.00133705861, -5.2657444e-05, 9.50496906e-06, 0.0464504212, 0.998920619, 0.00133806141, 0.998919725, -0.0464503914), DesiredAngle = nil},
        ["Right Leg"] = {C0 = CFrame.new(1.00536191, -0.975602686, -0.641714334, -0.0313273109, -0.0611469783, 0.997637033, 0.0267939568, 0.997716844, 0.061993245, -0.999149978, 0.0286727287, -0.029617412), DesiredAngle = nil},
        ["Left Arm"] = {C0 = CFrame.new(-0.999990523, 0.489711076, -0.000392906019, -0.0312259719, -0.140097722, -0.989645183, -0.49057278, 0.864812553, -0.106947072, 0.870840609, 0.482153445, -0.0957327262), DesiredAngle = nil},
    }
},

{
    Time = 0.051,
    Motors = {
        ["Left Leg"] = {C0 = CFrame.new(-1.00012517, -1.00060105, 0.0157746244, -0.0659960583, -0.00116909388, -0.997819185, 0.458959401, 0.887902319, -0.0313960239, 0.886002719, -0.460030496, -0.058061488), DesiredAngle = nil},
        ["Right Arm"] = {C0 = CFrame.new(0.999991834, 0.499708563, -1.08942822e-05, 0.00744347833, -0.0463235155, 0.998898745, -0.600086987, 0.798856556, 0.0415183008, -0.799900115, -0.5997352, -0.0218518693), DesiredAngle = nil},
        ["Head"] = {C0 = CFrame.new(-8.73887345e-08, 1, 7.64004526e-10, -0.999999702, -0.000776896835, -1.37307154e-06, 1.37307154e-06, -0.00353919691, 0.999993742, -0.000776896835, 0.999993443, 0.00353919691), DesiredAngle = nil},
        ["Torso"] = {C0 = CFrame.new(0, 0.000149795189, 0, -0.999967098, 0.00811270904, -0.000154975671, 0.000154975671, 0.038190227, 0.999270439, 0.00811270904, 0.999237537, -0.038190227), DesiredAngle = nil},
        ["Right Leg"] = {C0 = CFrame.new(1.00553429, -0.974781632, -0.663694441, -0.0315996632, -0.0615414008, 0.997604191, 0.0416218117, 0.997155845, 0.062832132, -0.998633623, 0.0435075611, -0.0289483368), DesiredAngle = nil},
        ["Left Arm"] = {C0 = CFrame.new(-0.999990523, 0.499739617, -1.18354028e-05, -0.0347386189, -0.154621154, -0.987362921, -0.521278083, 0.845724702, -0.114100359, 0.852679551, 0.510726988, -0.109979928), DesiredAngle = nil},
    }
},




}
return keyFrames
